28800.0
22.2  23.4259586667  24.6188401362  25.4980352792  26.1187335316  24.4198610281  24.4388758704  24.481119935  24.1138571479  24.1322927826  103.5  101.5  127.25  73.4166666667  154.75  0.0  494845421.881  
26.1187335316  26.2989826405  26.3771995471  26.4291758473  26.4715612722  24.1322927826  24.1577023971  24.1423894395  24.1466860023  24.1455423122  154.75  97.9166666667  114.666666667  116.416666667  174.833333333  494845421.881  635051657.537  
26.4715612722  26.5083750506  26.5409266207  26.5698918507  26.5957529802  24.1455423122  24.1852430896  24.2063582686  24.2494834462  24.2671852261  174.833333333  156.583333333  168.333333333  177.0  150.5  635051657.537  642461934.296  
32400.0
22.2  23.4259586667  24.6188401362  25.4980352792  26.1187335316  24.6580891513  24.6915640248  24.6665994762  24.6733550797  24.6807507554  163.333333333  96.25  106.833333333  133.0  180.333333333  499540902.706  640405488.012  
26.1187335316  26.5767132107  26.9356454284  27.2309712023  27.4825250274  24.6807507554  24.7345936772  24.7557648529  24.8107470831  24.8181901452  180.333333333  168.75  171.583333333  181.5  159.0  640405488.012  645009922.961  
27.4825250274  27.7022279369  27.8978231044  28.0746616049  28.2366152997  24.8181901452  24.8879585937  24.7760996384  24.7673912818  24.8189273812  159.0  196.083333333  170.416666667  174.75  179.833333333  645009922.961  646663501.033  
36000.0
21.5583333333  22.9404463123  24.3118751789  25.3071151644  25.9903407544  24.8135988957  24.8889911005  24.9066248903  24.9524888801  24.9999422034  188.25  171.833333333  175.583333333  180.333333333  165.833333333  505791086.814  635462915.51  
25.9903407544  26.4816539594  26.8599609492  27.1678037818  27.4281334333  24.9999422034  25.0620913203  25.0963067977  25.1014463756  25.1466783845  165.833333333  184.166666667  167.75  168.25  181.833333333  635462915.51  646360119.001  
27.4281334333  27.4324536231  27.3997720423  27.363117706  27.3274597022  25.1466783845  25.1868876546  25.2168310154  25.2473860641  25.2647970024  181.833333333  173.916666667  180.166666667  165.833333333  178.0  646360119.001  645592171.351  
39600.0
21.3166666667  22.8132327206  24.2524510305  25.2786527097  25.9742867558  25.1749636176  25.1888262741  25.2305617005  25.2422147287  25.2974602065  163.916666667  184.833333333  171.916666667  173.666666667  178.5  539952650.399  642412956.654  
25.9742867558  26.1874906872  26.2835993504  26.3480326502  26.4003356509  25.2974602065  25.3170945947  25.3510022331  25.3688169931  25.3872236434  178.5  169.5  175.833333333  163.166666667  173.916666667  642412956.654  645604192.643  
26.4003356509  26.4454675185  26.4851370177  26.5202531485  26.5514640497  25.3872236434  25.407712851  25.4309026862  25.4601964025  23.3577887356  173.916666667  166.5  152.666666667  204.25  161.416666667  645604192.643  647201492.03  
43200.0
21.3916666667  22.509396853  23.5654310198  24.3212581546  24.8317545394  25.3972264613  25.3818859964  25.4142863954  25.4013557873  25.4168668608  183.333333333  174.666666667  172.5  162.416666667  170.333333333  545687418.878  641485489.977  
24.8317545394  25.1863802351  25.4462747626  25.6463018348  25.8059684018  25.4168668608  25.4292518282  25.4424807419  25.4506641644  23.337567899  170.333333333  173.25  168.166666667  196.416666667  174.833333333  641485489.977  647182574.323  
25.8059684018  25.9367409728  26.0458472065  26.1381463852  26.2170760715  23.337567899  25.1066704567  25.2015697287  25.291543089  25.28969228  174.833333333  163.666666667  140.083333333  134.333333333  112.666666667  647182574.323  647615811.002  
46800.0
21.2166666667  22.3743571979  23.4806602979  24.2701670192  24.7993490352  25.3473989029  25.3448141725  25.3896836576  25.3807810079  24.8454419153  185.166666667  173.583333333  171.75  211.666666667  171.666666667  564018446.644  645582621.764  
24.7993490352  25.1640467711  25.4297083308  25.6333608678  25.795510565  24.8454419153  25.158168242  25.2437712183  25.2982204212  25.3286838676  171.666666667  153.25  158.75  137.416666667  116.25  645582621.764  645573562.939  
25.795510565  25.6350336783  25.4257834155  25.227557567  25.0536378571  25.3286838676  25.3122918926  25.3367606622  25.3569696388  25.340314444  116.25  138.25  127.666666667  131.416666667  105.583333333  645573562.939  645680686.532  
50400.0
21.2916666667  22.4432145451  23.5275270844  24.2998073836  24.8186694125  25.5156092005  25.5107630666  25.5445408901  25.4905619737  25.5059628562  179.416666667  167.0  158.833333333  142.5  123.333333333  564579982.976  641193204.336  
24.8186694125  24.854334975  24.7789115741  24.6901901641  24.6116992153  25.5059628562  25.4615133888  25.4641252161  25.4470061787  25.4386479713  123.333333333  131.0  138.916666667  127.916666667  111.083333333  641193204.336  644620522.733  
24.6116992153  24.5474733208  24.4965198164  24.4567267767  24.4259494061  25.4386479713  25.3791913321  25.3679956557  25.314558346  25.2747169414  111.083333333  109.333333333  97.5  108.333333333  24.5  644620522.733  641980651.429  
54000.0
21.575  22.6450120604  23.6494456623  24.3718896697  24.8640515624  25.5340955236  25.4571760189  25.4855521582  25.4447026084  25.4523203822  123.333333333  136.75  139.333333333  135.25  106.833333333  564266025.301  638227144.707  
24.8640515624  25.2087794033  25.4629684721  25.6593825276  25.8165603842  25.4523203822  25.3721400263  25.3477441056  25.2919943255  25.2227183027  106.833333333  99.9166666667  107.583333333  101.833333333  32.75  638227144.707  639133230.616  
25.8165603842  25.9455098671  26.0532229509  26.1444255327  26.222472966  25.2227183027  25.1009313538  24.9768972583  24.8429047415  24.7338645949  32.75  0.75  0.25  0.0833333333333  3.66666666667  639133230.616  615537566.165  
57600.0
21.875  22.8490274744  23.7712841566  24.4443095295  24.9101826204  25.3603736148  25.2388955122  25.2506209544  25.1514743689  24.8652418043  110.25  113.416666667  108.25  110.583333333  20.1666666667  564975585.632  633017569.688  
24.9101826204  25.2408828835  25.4869893036  25.6782630434  25.831882901  24.8652418043  24.6467050883  24.5019276653  24.3308526197  24.2103649553  20.1666666667  0.0  0.416666666667  0.583333333333  11.4166666667  633017569.688  632418583.428  
25.831882901  25.6663886702  25.4532184594  25.2513308116  25.0738828227  24.2103649553  24.0970663506  24.0046024077  23.9016041325  23.8230624678  11.4166666667  0.416666666667  0.0  1.16666666667  6.5  632418583.428  637081662.435  
28800.0
22.2  23.4259586667  24.6188401362  25.4980352792  26.1187335316  24.4198610281  24.4393146152  24.4735273439  24.0507838316  24.1183721391  102.666666667  97.6666666667  127.166666667  77.6666666667  155.25  0.0  489338695.274  
26.1187335316  26.2989826405  26.3771995471  26.4291758473  26.4715612722  24.1183721391  24.142016854  24.1304709034  24.1323747138  24.1386584644  155.25  99.6666666667  112.916666667  121.333333333  183.416666667  489338695.274  636182267.33  
26.4715612722  26.5083750506  26.5409266207  26.5698918507  26.5957529802  24.1386584644  24.1999173329  24.2183764855  24.2437518277  24.2640769652  183.416666667  162.0  165.916666667  169.916666667  149.75  636182267.33  643701774.368  
32400.0
22.2  23.4259586667  24.6188401362  25.4980352792  26.1187335316  24.6328618515  24.6452372675  24.6406922777  24.635713935  24.6451018911  171.416666667  101.333333333  106.5  124.416666667  187.583333333  505229736.216  641098646.694  
26.1187335316  26.5767132107  26.9356454284  27.2309712023  27.4825250274  24.6451018911  24.7136444409  24.7238943484  24.7780512947  24.8184493736  187.583333333  166.166666667  179.333333333  185.833333333  158.333333333  641098646.694  644024650.305  
27.4825250274  27.7022279369  27.8978231044  28.0746616049  28.2366152997  24.8184493736  24.8452649698  24.8852601784  24.8772987078  24.9222337635  158.333333333  189.416666667  167.25  170.5  176.833333333  644024650.305  646262291.46  
36000.0
21.5583333333  22.9404463123  24.3118751789  25.3071151644  25.9903407544  24.7980301662  24.8619212229  24.871659923  24.9244328407  24.9623835829  188.416666667  169.583333333  172.916666667  185.666666667  165.666666667  502862722.127  635091915.534  
25.9903407544  26.4816539594  26.8599609492  27.1678037818  27.4281334333  24.9623835829  25.0205021204  25.0611798099  25.0820174037  25.1180686572  165.666666667  183.5  172.333333333  167.75  178.666666667  635091915.534  646027104.065  
27.4281334333  27.4324536231  27.3997720423  27.363117706  27.3274597022  25.1180686572  25.143671704  25.1717504349  25.1872280793  25.2071862878  178.666666667  177.833333333  175.916666667  165.0  178.083333333  646027104.065  645875853.442  
39600.0
21.3166666667  22.8132327206  24.2524510305  25.2786527097  25.9742867558  25.1991268333  25.2217366608  25.2756566225  25.2739354519  25.3105656101  163.5  182.666666667  172.666666667  174.75  171.0  524415391.006  640729550.164  
25.9742867558  26.1874906872  26.2835993504  26.3480326502  26.4003356509  25.3105656101  25.3150516076  25.3340778094  25.3450755006  25.3597876234  171.0  166.916666667  173.916666667  165.75  176.416666667  640729550.164  645657193.055  
26.4003356509  26.4454675185  26.4851370177  26.5202531485  26.5514640497  25.3597876234  25.3881386138  25.4017914404  25.4244567155  23.3125229039  176.416666667  173.666666667  156.583333333  198.416666667  165.333333333  645657193.055  647206498.085  
43200.0
21.3916666667  22.509396853  23.5654310198  24.3212581546  24.8317545394  25.3339504045  25.3243046852  25.3682099395  25.3688359303  25.4104982423  184.25  169.5  173.583333333  168.25  178.666666667  553739281.967  641645252.359  
24.8317545394  25.1863802351  25.4462747626  25.6463018348  25.8059684018  25.4104982423  25.412750043  25.4294392136  25.4401449676  23.3502294514  178.666666667  165.583333333  174.0  206.333333333  174.916666667  641645252.359  647141270.695  
25.8059684018  25.9367409728  26.0458472065  26.1381463852  26.2170760715  23.3502294514  25.1032657017  25.1917043778  25.2688274525  25.2693572381  174.916666667  160.166666667  139.166666667  134.5  115.416666667  647141270.695  647584983.545  
46800.0
21.2166666667  22.3743571979  23.4806602979  24.2701670192  24.7993490352  25.3067096996  25.3116643187  25.3603823453  25.3490321604  23.4233286361  185.25  171.5  168.083333333  210.833333333  180.416666667  565878453.259  646964610.565  
24.7993490352  25.1640467711  25.4297083308  25.6333608678  25.795510565  23.4233286361  25.0805231602  25.1891359167  25.2681186172  25.2771910798  180.416666667  154.666666667  158.333333333  140.083333333  117.25  646964610.565  647509869.793  
25.795510565  25.6350336783  25.4257834155  25.227557567  25.0536378571  25.2771910798  25.26386152  25.2754927858  25.2847841325  25.2690535294  117.25  141.333333333  130.333333333  129.25  106.083333333  647509869.793  645689597.831  
50400.0
21.2916666667  22.4432145451  23.5275270844  24.2998073836  24.8186694125  25.4496047414  25.4024027782  25.4586742606  25.4035034419  25.4236613134  171.75  165.833333333  154.0  144.166666667  124.333333333  565878453.259  640955546.46  
24.8186694125  24.854334975  24.7789115741  24.6901901641  24.6116992153  25.4236613134  25.3811079331  25.3925738547  25.3792442655  25.3801544836  124.333333333  129.0  134.75  132.833333333  114.25  640955546.46  644876645.549  
24.6116992153  24.5474733208  24.4965198164  24.4567267767  24.4259494061  25.3801544836  25.3089800974  25.3067681086  25.2446178044  25.1174632632  114.25  111.333333333  94.1666666667  108.75  25.0  644876645.549  643559849.442  
54000.0
21.575  22.6450120604  23.6494456623  24.3718896697  24.8640515624  25.3940689949  25.3126056739  25.3524835936  25.3090050369  25.3161439941  123.083333333  140.25  143.0  135.333333333  105.333333333  565878453.259  637412210.606  
24.8640515624  25.2087794033  25.4629684721  25.6593825276  25.8165603842  25.3161439941  25.2414167404  25.2301131508  25.1815100337  25.0758735943  105.333333333  103.083333333  107.666666667  106.416666667  32.75  637412210.606  639772013.778  
25.8165603842  25.9455098671  26.0532229509  26.1444255327  26.222472966  25.0758735943  24.9418688223  24.8121024167  24.6658155791  24.5482585225  32.75  0.833333333333  0.166666666667  0.0833333333333  3.58333333333  639772013.778  617035188.912  
57600.0
21.875  22.8490274744  23.7712841566  24.4443095295  24.9101826204  25.2547313359  25.1346976351  25.1813616615  25.1085917159  25.0630239171  106.5  115.75  112.083333333  112.25  20.4166666667  565878453.259  615632524.037  
24.9101826204  25.2408828835  25.4869893036  25.6782630434  25.831882901  25.0630239171  24.8955152675  24.7674018925  24.5933998029  24.4558552673  20.4166666667  0.0  0.666666666667  0.583333333333  11.25  615632524.037  635811082.919  
25.831882901  25.6663886702  25.4532184594  25.2513308116  25.0738828227  24.4558552673  24.3044965794  24.166999941  24.0172921997  23.8974174169  11.25  0.416666666667  0.0  1.0  6.83333333333  635811082.919  639233578.583  
115200.0
20.4916666667  21.9310011095  23.2486140864  24.1512815406  24.7329413836  23.6013317451  23.8336648822  23.8809951315  23.0372122419  23.8273472201  99.5833333333  108.5  136.0  73.1666666667  164.666666667  0.0  472388270.675  
24.7329413836  25.1217115276  25.3994740044  25.6101182639  25.7768518254  23.8273472201  23.9225722206  23.9070999096  23.9334156849  23.9521826678  164.666666667  101.583333333  108.666666667  130.583333333  179.916666667  472388270.675  636461151.37  
25.7768518254  25.9127163699  26.0256822954  26.1210058936  26.2023616642  23.9521826678  24.0045045909  24.0425626337  24.0898656912  24.1246869969  179.916666667  168.416666667  173.5  173.666666667  155.666666667  636461151.37  642778903.395  
118800.0
20.5916666667  21.9933512785  23.2811639384  24.1676903894  24.7419133816  24.5335082893  24.6076775245  24.5750409464  24.5869474441  24.6248082215  169.166666667  97.4166666667  104.5  140.666666667  188.75  295866170.756  542128040.809  
24.7419133816  25.1273319264  25.4034465373  25.6131564911  25.7792847484  24.6248082215  24.690791009  24.7194914602  24.7601497719  24.7852041597  188.75  171.666666667  179.166666667  180.166666667  161.5  542128040.809  637320604.127  
25.7792847484  25.9147188687  26.0273605727  26.1224309524  26.2035840197  24.7852041597  24.8461494424  24.8702120486  24.9129585274  24.9163901699  161.5  187.333333333  174.333333333  161.166666667  168.25  637320604.127  645761397.697  
122400.0
21.15  22.3829426512  23.50657144  24.2939108341  24.8175545175  24.5941285986  24.6854056678  24.7216668816  24.7794539938  24.7919579408  198.833333333  178.5  182.583333333  177.5  168.666666667  494355526.59  633056652.395  
24.8175545175  25.1776906816  25.4401657156  25.6416216363  25.8022087445  24.7919579408  24.8839879217  24.8939087693  24.9348126136  24.9431496739  168.666666667  180.333333333  173.916666667  153.416666667  175.916666667  633056652.395  645790547.634  
25.8022087445  25.9336374231  26.0432399522  26.1359282772  26.2151705121  24.9431496739  24.9573226095  24.9835299612  25.0011860867  25.0278351138  175.916666667  176.25  176.833333333  165.25  175.666666667  645790547.634  645477765.701  
126000.0
21.5666666667  22.6459326769  23.6525195011  24.3747501965  24.86627184  25.0122898317  25.0700082891  25.1047248985  25.143890066  25.1608416094  171.0  179.833333333  179.666666667  156.5  171.833333333  525994268.071  638826851.772  
24.86627184  25.2104596563  25.4642653222  25.6604118288  25.8173976839  25.1608416094  25.1958889555  25.2266817715  25.241149984  25.2573312555  171.833333333  178.166666667  176.916666667  158.166666667  171.333333333  638826851.772  645649654.29  
25.8173976839  25.9462042783  26.0538075241  26.1449234433  26.2229010727  25.2573312555  25.2607698527  25.3007770446  25.3070304965  24.988242726  171.333333333  165.333333333  157.0  192.416666667  146.333333333  645649654.29  646491695.449  
129600.0
21.9666666667  22.5584386593  23.1007450111  23.4884784476  23.7467884292  25.2243144594  25.2424866711  25.2888184091  25.2846178417  25.3347687182  183.75  172.416666667  176.916666667  164.333333333  175.5  536678166.607  639959295.964  
23.7467884292  23.9179759987  24.0336758994  24.1138527926  24.1706530199  25.3347687182  25.3378153869  25.3766994361  25.3798201596  25.3403482637  175.5  159.416666667  168.083333333  203.083333333  149.916666667  639959295.964  645309151.16  
24.1706530199  24.2115805635  24.2414346314  24.263400599  24.2796615071  25.3403482637  25.3507903483  25.3594683201  25.3452106837  25.3479113762  149.916666667  163.083333333  151.5  147.25  122.083333333  645309151.16  645915129.668  
133200.0
22.9166666667  23.2787723474  23.5792923422  23.7964565651  23.9475830553  25.2830660939  25.305289408  25.3570049028  25.3337192181  25.3011394573  177.666666667  164.833333333  162.583333333  202.25  163.0  553529897.303  643113177.996  
23.9475830553  24.052732283  24.1268231679  24.1798064574  24.2181859616  25.3011394573  25.3302749294  25.3247790619  25.317242524  25.3199862581  163.0  158.0  160.916666667  148.333333333  127.25  643113177.996  645179832.661  
24.2181859616  24.2462669774  24.2669663901  24.2823075171  24.293722196  25.3199862581  25.3115383602  25.301905879  25.3035539783  25.2799801758  127.25  146.75  126.833333333  118.666666667  118.916666667  645179832.661  646426143.343  
136800.0
23.275  23.506865429  23.7235771388  23.8897761468  24.0099358653  25.4051838676  25.3821388746  25.3988402584  25.3553585839  25.3601274424  160.416666667  165.083333333  162.333333333  156.166666667  127.333333333  563427441.049  640793457.955  
24.0099358653  24.0957130332  24.157199196  24.2016701194  24.2341260577  25.3601274424  25.331633186  25.3228585399  25.3122584561  25.2883720701  127.333333333  141.583333333  135.0  117.833333333  118.833333333  640793457.955  645594655.305  
24.2341260577  24.2579924568  24.2756453726  24.288759731  24.2985339825  25.2883720701  25.2397803706  25.2189553634  25.1628255579  25.0355573487  118.833333333  105.25  97.8333333333  100.166666667  27.3333333333  645594655.305  642610084.739  
140400.0
24.4916666667  24.5371715833  24.5123546351  24.4758373079  24.4426521209  25.3512024512  25.2711602957  25.3075940216  25.2604284301  25.2888326151  127.083333333  150.416666667  134.75  128.166666667  121.25  565878453.259  642208342.019  
24.4426521209  24.4156870938  24.3946169068  24.3784194831  24.3660653273  25.2888326151  25.2079639127  25.1949711792  25.1509032773  25.0272275645  121.25  94.1666666667  110.583333333  96.0833333333  35.9166666667  642208342.019  635347931.864  
24.3660653273  24.3566831677  24.3495770673  24.3442045507  24.3401478921  25.0272275645  24.9068539715  24.785720816  24.6523784855  24.5576108752  35.9166666667  0.5  0.333333333333  0.916666666667  3.58333333333  635347931.864  629338557.509  
144000.0
24.1416666667  24.1461781281  24.1795765013  24.2135034137  24.241408246  25.2240666893  25.0964302079  25.1035224406  25.030296814  24.9029675628  122.916666667  114.333333333  115.416666667  107.5  28.0833333333  565113594.486  618042849.902  
24.241408246  24.262933664  24.2791767971  24.2913478307  24.3004534798  24.9029675628  24.7189488911  24.5752675212  24.4021980374  24.2782012365  28.0833333333  0.0  0.833333333333  3.08333333333  14.6666666667  618042849.902  639392896.817  
24.3004534798  24.3072681509  24.3123727043  24.3161997338  24.3190711882  24.2782012365  24.1582593472  24.0491808749  23.9320633814  23.845892108  14.6666666667  0.5  0.0  3.66666666667  3.25  639392896.817  638446388.781  
28800.0
22.2  23.4259586667  24.6188401362  25.4980352792  26.1187335316  24.4198610281  24.4402753672  24.471120705  24.148955957  24.1414222735  104.416666667  103.666666667  127.666666667  73.5  161.916666667  0.0  501113423.495  
26.1187335316  26.2989826405  26.3771995471  26.4291758473  26.4715612722  24.1414222735  24.1591966249  24.167495199  24.1646588012  24.1666409076  161.916666667  103.083333333  117.333333333  124.0  172.666666667  501113423.495  635587637.596  
26.4715612722  26.5083750506  26.5409266207  26.5698918507  26.5957529802  24.1666409076  24.2120824591  24.2277207379  24.2712625635  24.2935211428  172.666666667  161.75  165.5  177.583333333  150.916666667  635587637.596  643695702.803  
32400.0
22.2  23.4259586667  24.6188401362  25.4980352792  26.1187335316  24.7123724915  24.725697591  24.7123573189  24.7171016952  24.7186126533  162.75  97.8333333333  110.916666667  131.0  180.333333333  484432327.177  637719028.562  
26.1187335316  26.5767132107  26.9356454284  27.2309712023  27.4825250274  24.7186126533  24.7902110721  24.7975929872  24.8508276988  24.8756390361  180.333333333  164.833333333  179.833333333  179.833333333  157.166666667  637719028.562  643918958.62  
27.4825250274  27.7022279369  27.8978231044  28.0746616049  28.2366152997  24.8756390361  24.9094930962  24.949320637  24.9321068782  24.9562378687  157.166666667  186.083333333  166.75  173.833333333  178.666666667  643918958.62  646349733.558  
36000.0
21.5583333333  22.9404463123  24.3118751789  25.3071151644  25.9903407544  24.7735726645  24.8430220172  24.8478747117  24.8859552649  24.9099809373  196.166666667  168.0  169.916666667  178.916666667  160.25  523551257.819  637973657.241  
25.9903407544  26.4816539594  26.8599609492  27.1678037818  27.4281334333  24.9099809373  24.9558273654  24.9842421724  24.9720774415  24.9964743139  160.25  183.166666667  169.416666667  166.083333333  172.333333333  637973657.241  646076787.339  
27.4281334333  27.4324536231  27.3997720423  27.363117706  27.3274597022  24.9964743139  25.0158530471  25.0354870467  25.0579528921  25.0693168455  172.333333333  172.5  178.833333333  165.666666667  165.75  646076787.339  645059684.963  
28800.0
22.2  23.4259586667  24.6188401362  25.4980352792  26.1187335316  24.4198610281  24.42567401  24.4644892479  23.6175929282  24.1870536181  103.833333333  98.0  124.916666667  74.5  160.333333333  0.0  493547275.941  
26.1187335316  26.2989826405  26.3771995471  26.4291758473  26.4715612722  24.1870536181  24.1406390714  24.137693162  24.1423984235  24.1480823372  160.333333333  104.333333333  116.833333333  122.916666667  179.5  493547275.941  633918534.432  
26.4715612722  26.5083750506  26.5409266207  26.5698918507  26.5957529802  24.1480823372  24.2018210027  24.2200845538  24.2564703031  24.2880687581  179.5  156.916666667  166.583333333  179.833333333  147.25  633918534.432  642574804.286  
32400.0
22.2  23.4259586667  24.6188401362  25.4980352792  26.1187335316  24.6570996169  24.6639736426  24.6591016111  24.6630756691  24.6782554311  162.083333333  102.166666667  107.75  130.416666667  184.583333333  500709432.919  640480289.667  
26.1187335316  26.5767132107  26.9356454284  27.2309712023  27.4825250274  24.6782554311  24.7287986421  24.7473750559  24.7818144597  24.8261982755  184.583333333  167.333333333  175.833333333  188.0  157.25  640480289.667  644394469.472  
27.4825250274  27.7022279369  27.8978231044  28.0746616049  28.2366152997  24.8261982755  24.8546248433  24.8964376499  24.8906103805  24.9260965752  157.25  186.0  170.25  169.25  178.166666667  644394469.472  646089490.306  
36000.0
21.5583333333  22.9404463123  24.3118751789  25.3071151644  25.9903407544  24.7475619384  24.8049880677  24.8143743346  24.8766843624  24.8901628089  190.916666667  173.25  175.833333333  184.083333333  169.0  519021895.144  637378810.452  
25.9903407544  26.4816539594  26.8599609492  27.1678037818  27.4281334333  24.8901628089  24.9429079647  24.9797508259  24.9740878175  24.9919805319  169.0  183.666666667  165.916666667  167.583333333  175.416666667  637378810.452  646282454.663  
27.4281334333  27.4324536231  27.3997720423  27.363117706  27.3274597022  24.9919805319  25.0207497738  25.0509854919  25.0718991919  25.0825380413  175.416666667  173.583333333  176.666666667  167.583333333  177.833333333  646282454.663  645623534.436  
39600.0
21.3166666667  22.8132327206  24.2524510305  25.2786527097  25.9742867558  25.1691183868  25.1918426435  25.233198223  25.2457117711  25.2809027539  168.333333333  182.5  173.5  166.25  171.5  520471084.999  639821979.631  
25.9742867558  26.1874906872  26.2835993504  26.3480326502  26.4003356509  25.2809027539  25.3022707527  25.3347190335  25.3438389123  25.3597793974  171.5  170.166666667  178.833333333  166.166666667  170.416666667  639821979.631  645332701.883  
26.4003356509  26.4454675185  26.4851370177  26.5202531485  26.5514640497  25.3597793974  25.3741948942  25.3903313565  25.383214338  23.2605978293  170.416666667  165.333333333  159.916666667  195.666666667  169.166666667  645332701.883  647182922.038  
43200.0
21.3916666667  22.509396853  23.5654310198  24.3212581546  24.8317545394  25.3422094626  25.3524989924  25.4091482208  25.4118647564  25.4456926545  182.166666667  169.0  179.666666667  167.75  173.25  550691054.046  639990015.437  
24.8317545394  25.1863802351  25.4462747626  25.6463018348  25.8059684018  25.4456926545  25.47209  25.4904145091  25.5102133577  23.4283026704  173.25  172.583333333  170.25  199.416666667  176.25  639990015.437  647177868.241  
25.8059684018  25.9367409728  26.0458472065  26.1381463852  26.2170760715  23.4283026704  25.1400753976  25.2330411708  25.302696492  25.2892304238  176.25  161.333333333  142.75  137.666666667  113.583333333  647177868.241  647547848.881  
46800.0
21.2166666667  22.3743571979  23.4806602979  24.2701670192  24.7993490352  25.3352906515  25.3536101286  25.3995356984  25.3783709477  23.3341721482  183.25  170.916666667  168.416666667  210.166666667  180.666666667  560553931.309  646992270.939  
24.7993490352  25.1640467711  25.4297083308  25.6333608678  25.795510565  23.3341721482  25.077854796  25.1986280597  25.2738856596  25.2924866899  180.666666667  154.333333333  158.75  134.833333333  118.833333333  646992270.939  647566701.259  
25.795510565  25.6350336783  25.4257834155  25.227557567  25.0536378571  25.2924866899  25.2956146571  25.312187817  25.3213495986  25.296259339  118.833333333  141.166666667  124.416666667  133.166666667  108.666666667  647566701.259  646198461.792  
50400.0
21.2916666667  22.4432145451  23.5275270844  24.2998073836  24.8186694125  25.463985108  25.4156952398  25.4785461367  25.4050632928  25.4281453418  180.833333333  161.333333333  158.0  142.0  121.916666667  565878453.259  639253742.013  
24.8186694125  24.854334975  24.7789115741  24.6901901641  24.6116992153  25.4281453418  25.372230911  25.3838479795  25.3657492284  25.3568867654  121.916666667  129.75  139.0  125.75  110.0  639253742.013  644046855.515  
24.6116992153  24.5474733208  24.4965198164  24.4567267767  24.4259494061  25.3568867654  25.27984762  25.269919638  25.1969916106  25.1375386218  110.0  109.5  98.0  108.166666667  25.5  644046855.515  642191336.237  
54000.0
21.575  22.6450120604  23.6494456623  24.3718896697  24.8640515624  25.5273692651  25.3909088671  25.4934991832  25.4080248524  25.460938595  126.166666667  139.416666667  144.333333333  140.25  108.333333333  564460164.964  634419425.896  
24.8640515624  25.2087794033  25.4629684721  25.6593825276  25.8165603842  25.460938595  25.3435273643  25.3549298132  25.2649493596  25.2492003145  108.333333333  99.5833333333  108.083333333  104.75  33.8333333333  634419425.896  635843739.543  
25.8165603842  25.9455098671  26.0532229509  26.1444255327  26.222472966  25.2492003145  25.113553865  25.0119715751  24.8654996106  24.7753503633  33.8333333333  0.916666666667  0.166666666667  0.25  3.58333333333  635843739.543  607555503.199  
57600.0
21.875  22.8490274744  23.7712841566  24.4443095295  24.9101826204  25.5014508794  25.3438694484  25.3866440516  25.2777742044  25.209901014  114.75  116.25  112.333333333  111.333333333  21.75  562457698.383  615809753.194  
24.9101826204  25.2408828835  25.4869893036  25.6782630434  25.831882901  25.209901014  25.0201339863  24.8919484834  24.6956589496  24.5574891101  21.75  0.0  0.333333333333  0.666666666667  11.6666666667  615809753.194  636140528.924  
25.831882901  25.6663886702  25.4532184594  25.2513308116  25.0738828227  24.5574891101  24.3823009302  24.2352959235  24.0565165303  23.9203616029  11.6666666667  0.416666666667  0.0  1.25  6.41666666667  636140528.924  639515264.015  
115200.0
20.4916666667  21.9310011095  23.2486140864  24.1512815406  24.7329413836  23.6137712515  23.8117493232  23.870624764  23.4597774878  23.7279406379  97.3333333333  108.916666667  132.666666667  73.6666666667  161.666666667  0.0  482721943.127  
24.7329413836  25.1217115276  25.3994740044  25.6101182639  25.7768518254  23.7279406379  23.8138467139  23.7945780876  23.8412320495  23.8561775186  161.666666667  99.5  108.0  135.083333333  176.25  482721943.127  636423416.887  
25.7768518254  25.9127163699  26.0256822954  26.1210058936  26.2023616642  23.8561775186  23.9310642122  23.9714977726  24.0174558506  24.050373939  176.25  168.583333333  165.416666667  172.583333333  154.083333333  636423416.887  643952295.371  
118800.0
20.5916666667  21.9933512785  23.2811639384  24.1676903894  24.7419133816  24.4066273235  24.5037266439  24.481222227  24.5035157778  24.5293906333  169.833333333  97.0833333333  103.0  140.833333333  191.166666667  340322814.898  603633148.401  
24.7419133816  25.1273319264  25.4034465373  25.6131564911  25.7792847484  24.5293906333  24.6161340845  24.6575985203  24.6873500245  24.7213746152  191.166666667  168.5  178.333333333  174.666666667  158.5  603633148.401  642274747.609  
25.7792847484  25.9147188687  26.0273605727  26.1224309524  26.2035840197  24.7213746152  24.7773002258  24.8005509965  24.8377378596  24.8520776539  158.5  183.0  169.666666667  160.833333333  166.75  642274747.609  645860205.837  
122400.0
21.15  22.3829426512  23.50657144  24.2939108341  24.8175545175  24.5299828094  24.6202415164  24.6759925904  24.7225851552  24.7491475354  204.083333333  181.166666667  182.5  181.0  170.666666667  498143532.178  633781621.309  
24.8175545175  25.1776906816  25.4401657156  25.6416216363  25.8022087445  24.7491475354  24.8325807174  24.8435852934  24.8874091973  24.9016838257  170.666666667  183.583333333  170.083333333  158.166666667  168.5  633781621.309  645930974.423  
25.8022087445  25.9336374231  26.0432399522  26.1359282772  26.2151705121  24.9016838257  24.9280896064  24.9631665511  24.9999627332  25.0288954635  168.5  175.333333333  181.416666667  162.916666667  178.5  645930974.423  645096324.335  
126000.0
21.5666666667  22.6459326769  23.6525195011  24.3747501965  24.86627184  25.007532844  25.0765493854  25.0997416106  25.1525914356  25.1750167431  174.333333333  177.666666667  172.333333333  163.083333333  173.416666667  508514643.383  639242587.718  
24.86627184  25.2104596563  25.4642653222  25.6604118288  25.8173976839  25.1750167431  25.196458971  25.2232735848  25.2443478367  25.2543035789  173.416666667  174.083333333  177.5  159.916666667  170.333333333  639242587.718  645382242.752  
25.8173976839  25.9462042783  26.0538075241  26.1449234433  26.2229010727  25.2543035789  25.2711275068  25.2984658098  25.3073824485  25.201442087  170.333333333  158.333333333  149.666666667  192.166666667  141.083333333  645382242.752  646301238.289  
129600.0
21.9666666667  22.5584386593  23.1007450111  23.4884784476  23.7467884292  25.1570635244  25.1793121948  25.2468873456  25.2446038612  25.2820680925  180.25  171.75  179.333333333  158.083333333  175.583333333  546220809.813  639741602.473  
23.7467884292  23.9179759987  24.0336758994  24.1138527926  24.1706530199  25.2820680925  25.2723434809  25.3197508863  25.3265580289  25.1372183456  175.583333333  160.833333333  172.5  200.833333333  152.5  639741602.473  645460724.274  
24.1706530199  24.2115805635  24.2414346314  24.263400599  24.2796615071  25.1372183456  25.2196839465  25.2587828643  25.2679536588  25.2799349644  152.5  166.583333333  144.666666667  143.583333333  119.75  645460724.274  646399745.868  
133200.0
22.9166666667  23.2787723474  23.5792923422  23.7964565651  23.9475830553  25.1527287745  25.1821130288  25.2372070565  25.2327485905  25.2630840807  175.75  163.25  172.5  203.0  160.833333333  562079610.89  640714685.488  
23.9475830553  24.052732283  24.1268231679  24.1798064574  24.2181859616  25.2630840807  25.2970346698  25.3028410901  25.3025712025  25.3236405056  160.833333333  152.833333333  158.083333333  151.416666667  125.75  640714685.488  644877848.959  
24.2181859616  24.2462669774  24.2669663901  24.2823075171  24.293722196  25.3236405056  25.3155211183  25.3116340257  25.2976612102  25.2783115118  125.75  153.0  120.75  119.416666667  118.833333333  644877848.959  646836842.304  
136800.0
23.275  23.506865429  23.7235771388  23.8897761468  24.0099358653  25.3769141047  25.352384785  25.3983827765  25.3656979109  25.3943213803  159.75  161.5  161.416666667  151.083333333  128.5  561742557.33  639500135.191  
24.0099358653  24.0957130332  24.157199196  24.2016701194  24.2341260577  25.3943213803  25.3663643173  25.3602773552  25.3294336448  25.3144599092  128.5  136.833333333  140.666666667  123.083333333  117.916666667  639500135.191  644942310.523  
24.2341260577  24.2579924568  24.2756453726  24.288759731  24.2985339825  25.3144599092  25.2436725918  25.2064699452  25.1530982574  25.0943327545  117.916666667  99.75  99.75  101.083333333  26.0833333333  644942310.523  638985841.249  
140400.0
24.4916666667  24.5371715833  24.5123546351  24.4758373079  24.4426521209  25.4816070594  25.3617028459  25.43796787  25.3468646064  25.414669159  127.583333333  159.333333333  133.833333333  130.916666667  120.916666667  561519376.305  642328979.656  
24.4426521209  24.4156870938  24.3946169068  24.3784194831  24.3660653273  25.414669159  25.3042352159  25.32622629  25.2596732929  25.1656836417  120.916666667  98.75  111.916666667  95.4166666667  35.25  642328979.656  635299973.934  
24.3660653273  24.3566831677  24.3495770673  24.3442045507  24.3401478921  25.1656836417  24.9955673542  24.8728340645  24.7012602127  24.5983298586  35.25  0.666666666667  0.333333333333  1.0  3.5  635299973.934  630810498.923  
144000.0
24.1416666667  24.1461781281  24.1795765013  24.2135034137  24.241408246  25.4350649248  25.2340665429  25.2829582776  25.1399277463  25.0529462951  118.666666667  112.333333333  114.416666667  108.5  26.75  555489712.369  606385373.254  
24.241408246  24.262933664  24.2791767971  24.2913478307  24.3004534798  25.0529462951  24.8161680703  24.6805835766  24.4690710092  24.3475504679  26.75  0.0  0.833333333333  2.16666666667  14.6666666667  606385373.254  638257573.178  
24.3004534798  24.3072681509  24.3123727043  24.3161997338  24.3190711882  24.3475504679  24.2038026151  24.0951940208  23.9600834239  23.8718140908  14.6666666667  0.333333333333  0.0  3.16666666667  3.25  638257573.178  638161266.82  
201600.0
23.275  23.8577733396  24.4279867774  24.8733277466  25.2060144424  24.1634419459  24.2422930955  24.2985092687  24.3840719903  24.3680704452  99.3333333333  105.083333333  117.583333333  66.6666666667  154.0  0.0  368343384.751  
25.2060144424  25.4580758639  25.6547614411  25.8126149773  25.9421932631  24.3680704452  24.4344904413  24.4639065563  24.4910654975  24.5276335311  154.0  105.25  121.0  125.916666667  171.583333333  368343384.751  591265490.127  
25.9421932631  26.0504209952  26.1420370057  26.2204190698  26.2880585578  24.5276335311  24.5710800368  24.6287356389  24.7000835942  24.7552500084  171.583333333  170.75  180.166666667  180.25  161.583333333  591265490.127  639999729.64  
205200.0
24.3083333333  24.7090034133  25.0614556778  25.3413549044  25.5611831681  24.7365440627  24.7616772137  24.7559073107  24.7464020901  24.7672905661  164.25  98.5  116.25  136.0  175.833333333  493057265.085  637715189.4  
25.5611831681  25.7365529828  25.8793243143  25.9976800905  26.0972499071  24.7672905661  24.7843202101  24.8374792978  24.8870619115  24.9083738436  175.833333333  171.333333333  192.0  178.5  166.583333333  637715189.4  642409918.729  
26.0972499071  26.1820073255  26.2548453551  26.3179310615  26.3729273778  24.9083738436  24.9215446956  24.9634994634  24.9702185132  25.0015563185  166.583333333  181.416666667  179.25  166.25  167.5  642409918.729  645144575.357  
208800.0
25.225  25.4511244086  25.6434562692  25.801955767  25.9330049083  24.9102904121  24.9369929403  24.9852600994  25.0236240574  25.0662849433  177.833333333  174.75  181.916666667  182.166666667  180.75  560921428.832  641026063.532  
25.9330049083  26.0426094399  26.1353695037  26.2146855967  26.2830922475  25.0662849433  25.1164972604  25.1618469247  25.1930585302  25.2294324053  180.75  178.583333333  176.166666667  162.083333333  169.083333333  641026063.532  645566073.327  
26.2830922475  26.3425152185  26.3944472754  26.4400665468  26.480317469  25.2294324053  25.2417204462  25.2767653082  25.2797754668  25.3225230672  169.083333333  165.0  170.416666667  177.083333333  181.0  645566073.327  645925103.668  
212400.0
27.1333333333  27.1917982353  27.178861314  27.155727102  27.1322776768  25.3222989531  25.3221333446  25.353944713  25.3534568013  25.3696126015  174.75  180.833333333  177.416666667  170.083333333  164.333333333  565231089.417  642655214.382  
27.1322776768  27.1100678612  27.0892954296  27.069934307  27.0519206919  25.3696126015  25.3496340916  25.3664757003  25.3433122625  25.3711931305  164.333333333  167.916666667  168.0  168.833333333  171.166666667  642655214.382  645883158.476  
27.0519206919  27.0351843835  27.0196545475  27.0052611627  26.9919356657  25.3711931305  25.3534722633  25.3873490626  25.4001667573  23.2864349833  171.166666667  182.166666667  160.833333333  209.333333333  151.75  645883158.476  647184408.965  
216000.0
28.4  28.1970234762  27.9268642035  27.6367203268  27.3351653647  25.5497311483  25.479846296  25.5263121659  25.4750432358  25.5380914839  173.416666667  163.333333333  169.083333333  176.5  176.166666667  564798087.138  642466833.877  
27.3351653647  27.0274895374  26.7193535564  26.4169144577  26.1264192529  25.5380914839  25.4922692665  25.5337918968  25.5299226227  23.4225236248  176.166666667  179.833333333  171.583333333  215.833333333  165.916666667  642466833.877  647167864.75  
26.1264192529  25.8536685762  25.6034874433  25.3793128798  25.1829795462  23.4225236248  25.1473178422  25.2628286752  25.3015548114  25.300206255  165.916666667  158.666666667  145.333333333  139.666666667  115.916666667  647167864.75  647437400.49  
219600.0
29.05  28.8695892192  28.6451028355  28.3993656763  28.1352371267  25.6314006715  25.5461174152  25.6233928065  25.5807246648  23.5317577251  180.583333333  175.75  173.083333333  221.166666667  168.25  565652525.825  646525677.129  
28.1352371267  27.8547114525  27.5606438902  27.2569551775  26.9485891334  23.5317577251  25.2174175444  25.3447584902  25.3656000265  25.3943798474  168.25  144.833333333  163.666666667  151.666666667  116.416666667  646525677.129  647142443.439  
26.9485891334  26.6413089272  26.3413344152  26.05485024  25.7874550883  25.3943798474  25.3971613701  25.4085530495  25.391510319  25.3840446287  116.416666667  139.25  121.5  122.583333333  127.166666667  647142443.439  646486095.523  
223200.0
30.2  30.1372957272  30.0507874116  29.9526375383  29.8422052748  25.8315190718  25.7329538469  25.7771592734  25.6816111331  25.6751962  167.833333333  165.166666667  156.333333333  156.916666667  125.333333333  565878453.259  641418552.646  
29.8422052748  29.7182619661  29.5795298416  29.4247485564  29.2527386652  25.6751962  25.5874863523  25.5895279957  25.513522382  25.5118623851  125.333333333  134.916666667  139.166666667  127.916666667  125.416666667  641418552.646  645021049.725  
29.2527386652  29.0624865276  28.8532546204  28.6247180309  28.3771235551  25.5118623851  25.4270055539  25.4004041388  25.3185954533  25.2316353146  125.416666667  114.0  96.75  100.916666667  26.0  645021049.725  641976055.211  
226800.0
30.2083333333  30.132247358  30.0444835306  29.9455125211  29.8341982604  25.8342937778  25.6868090596  25.7005159608  25.5940857389  25.6046639199  119.666666667  143.916666667  133.416666667  129.916666667  124.583333333  565878453.259  642537677.802  
29.8341982604  29.709287266  29.5695003927  29.4135805449  29.240356609  25.6046639199  24.9028064558  25.1688190748  25.1519004514  24.9864024693  124.583333333  107.333333333  109.916666667  97.0833333333  33.5  642537677.802  567832931.918  
29.240356609  29.0488299669  28.8382866044  28.6084353213  28.3595680854  24.9864024693  24.87379836  24.7680042932  24.6226691481  24.5026909207  33.5  0.666666666667  0.166666666667  1.41666666667  2.91666666667  567832931.918  520214287.0  
230400.0
30.75  30.7482934931  30.7425725861  30.7359800676  30.728479339  25.7890897866  25.4627201037  25.5009481753  25.3824752559  24.0948753794  125.083333333  125.5  114.833333333  101.333333333  22.5833333333  565878453.259  591223354.593  
30.728479339  30.7199480025  30.7102452648  30.6992112884  30.6866647383  24.0948753794  23.7802931009  23.7390559303  23.6477346032  23.6273205051  22.5833333333  0.0  0.25  1.83333333333  13.3333333333  591223354.593  383814989.213  
30.6866647383  30.6723999932  30.6561840271  30.6377529379  30.6168080978  23.6273205051  23.5234771079  23.5212741778  23.4932567964  23.4974299899  13.3333333333  1.0  0.0  2.33333333333  3.16666666667  383814989.213  365779354.744  
288000.0
25.7  25.8124908667  25.9331573502  26.0407367326  26.133323849  26.266345447  25.8598797474  25.8144795563  25.5435556636  25.5218688643  50.25  53.9166666667  66.25  42.0833333333  83.4166666667  0.0  224979096.414  
26.133323849  26.2128288925  26.2814634049  26.3410912548  26.3931985211  25.5218688643  25.3209829385  25.3024616243  25.1459254651  25.1629743206  83.4166666667  53.6666666667  58.4166666667  68.4166666667  94.0833333333  224979096.414  382275701.692  
26.3931985211  26.438966867  26.4793452286  26.5151048259  26.5468796086  25.1629743206  25.0720896472  25.090648602  25.0197595517  25.0488464815  94.0833333333  87.9166666667  93.25  100.25  90.4166666667  382275701.692  550603205.922  
291600.0
25.7  25.8124908667  25.9331573502  26.0407367326  26.133323849  26.266345447  25.9036920119  25.8668623404  25.5837141813  25.5995202353  87.5833333333  52.5833333333  56.1666666667  68.6666666667  93.3333333333  0.0  186265189.614  
26.133323849  26.2128288925  26.2814634049  26.3410912548  26.3931985211  25.5995202353  25.4160457339  25.4471054381  25.30997582  25.348696693  93.3333333333  91.75  95.9166666667  101.416666667  90.9166666667  186265189.614  245456556.835  
26.3931985211  26.438966867  26.4793452286  26.5151048259  26.5468796086  25.348696693  25.2283528324  25.2482714647  25.1596476216  25.1635031705  90.9166666667  94.8333333333  92.6666666667  83.8333333333  87.8333333333  245456556.835  413125849.687  
295200.0
25.7  25.8124908667  25.9331573502  26.0407367326  26.133323849  26.266345447  25.9306678848  25.9654126187  25.718678938  25.7516138984  95.25  88.1666666667  95.4166666667  96.4166666667  90.0833333333  0.0  112046342.931  
26.133323849  26.2128288925  26.2814634049  26.3410912548  26.3931985211  25.7516138984  25.5465610008  25.57064335  25.4157256051  25.4260656559  90.0833333333  95.1666666667  95.9166666667  83.0  84.75  112046342.931  215663180.178  
26.3931985211  26.438966867  26.4793452286  26.5151048259  26.5468796086  25.4260656559  25.2939216859  25.309867671  25.2033637932  25.2248548161  84.75  83.9166666667  87.0833333333  92.3333333333  92.5833333333  215663180.178  335145603.309  
298800.0
25.7  25.8124908667  25.9331573502  26.0407367326  26.133323849  26.266345447  25.9320086425  25.9638113772  25.7238218848  25.7336542675  89.3333333333  92.1666666667  95.4166666667  81.1666666667  83.75  0.0  132636202.219  
26.133323849  26.2128288925  26.2814634049  26.3410912548  26.3931985211  25.7336542675  25.5380579123  25.5455603811  25.4127468207  25.4215462845  83.75  82.9166666667  87.5833333333  95.25  91.5  132636202.219  221006652.847  
26.3931985211  26.438966867  26.4793452286  26.5151048259  26.5468796086  25.4215462845  25.3118693889  25.2996989921  25.2282356586  25.2191618713  91.5  87.1666666667  85.0833333333  112.583333333  82.8333333333  221006652.847  264636961.888  
302400.0
25.7  25.516508685  25.3141794219  25.1294906058  24.9701854227  26.266345447  25.9054590724  25.9212961886  25.6781185952  25.7044013733  85.4166666667  81.8333333333  90.9166666667  92.6666666667  92.5  0.0  112645738.412  
24.9701854227  24.8366684682  24.7270151656  24.638428449  24.5678403464  25.7044013733  25.5112887032  25.530533563  25.4092247915  25.4163794252  92.5  84.1666666667  87.8333333333  108.5  82.5  112645738.412  130775198.396  
24.5678403464  24.5122397081  24.4688614769  24.4352826713  24.4094531802  25.4163794252  25.3197640661  25.3226479414  25.2322553376  25.2266876956  82.5  81.9166666667  78.3333333333  77.5  56.6666666667  130775198.396  154604336.333  
306000.0
25.7  25.516508685  25.3141794219  25.1294906058  24.9701854227  26.266345447  25.89713581  25.9209144341  25.6782577111  25.6860012574  93.5833333333  85.5  84.6666666667  107.416666667  82.5  0.0  97952598.0336  
24.9701854227  24.8366684682  24.7270151656  24.638428449  24.5678403464  25.6860012574  25.4951858549  25.5079373776  25.3551043776  25.3561399928  82.5  82.5833333333  77.9166666667  79.5833333333  55.5  97952598.0336  134371219.318  
24.5678403464  24.5122397081  24.4688614769  24.4352826713  24.4094531802  25.3561399928  25.2310832076  25.2226270421  25.1329010305  25.1186214339  55.5  78.25  65.0833333333  64.5  62.6666666667  134371219.318  259753906.502  
309600.0
25.7  25.516508685  25.3141794219  25.1294906058  24.9701854227  26.266345447  25.8893636355  25.923843554  25.638032803  25.6493990667  85.0833333333  81.5833333333  78.8333333333  77.75  55.5833333333  0.0  96007812.4903  
24.9701854227  24.8366684682  24.7270151656  24.638428449  24.5678403464  25.6493990667  25.435296546  25.4370129938  25.2763778426  25.2814589414  55.5833333333  76.0833333333  64.3333333333  64.8333333333  61.1666666667  96007812.4903  215836647.499  
24.5678403464  24.5122397081  24.4688614769  24.4352826713  24.4094531802  25.2814589414  25.1321699534  25.1126009501  25.0068078464  24.9721578892  61.1666666667  56.4166666667  54.9166666667  48.9166666667  13.1666666667  215836647.499  170790295.334  
313200.0
25.7  25.516508685  25.3141794219  25.1294906058  24.9701854227  26.266345447  25.8801687783  25.8706067527  25.5872254874  25.5800871694  56.4166666667  77.75  63.0833333333  60.5  60.1666666667  0.0  177781988.62  
24.9701854227  24.8366684682  24.7270151656  24.638428449  24.5678403464  25.5800871694  25.3464802776  25.3312982472  25.1615104755  25.1396620813  60.1666666667  54.8333333333  51.5833333333  49.5  10.0  177781988.62  141671863.917  
24.5678403464  24.5122397081  24.4688614769  24.4352826713  24.4094531802  25.1396620813  24.9618516071  24.8682568242  24.7156115859  24.6313623056  10.0  0.0  0.0  0.0  0.0  141671863.917  222212111.808  
316800.0
25.7  25.516508685  25.3141794219  25.1294906058  24.9701854227  26.266345447  25.8364053076  25.8358449787  25.5168090144  25.4918050908  61.1666666667  55.0  52.4166666667  47.8333333333  10.0833333333  0.0  81651185.4948  
24.9701854227  24.8366684682  24.7270151656  24.638428449  24.5678403464  25.4918050908  25.1715790436  25.0708217722  24.7985286477  24.694932502  10.0833333333  0.0  0.416666666667  0.0  0.583333333333  81651185.4948  199489863.056  
24.5678403464  24.5122397081  24.4688614769  24.4352826713  24.4094531802  24.694932502  24.4652321348  24.3500275503  24.1515205011  24.0423381005  0.583333333333  0.25  1.83333333333  0.75  1.33333333333  199489863.056  403825744.134  
374400.0
25.7  25.8124908667  25.9331573502  26.0407367326  26.133323849  26.266345447  25.883881929  25.8561692486  25.581167571  25.5492797547  51.0833333333  52.0833333333  67.0  39.6666666667  86.9166666667  0.0  234950034.024  
26.133323849  26.2128288925  26.2814634049  26.3410912548  26.3931985211  25.5492797547  25.3477699336  25.3320574522  25.1730039852  25.1848360722  86.9166666667  51.5  62.0833333333  70.75  95.8333333333  234950034.024  382170280.041  
26.3931985211  26.438966867  26.4793452286  26.5151048259  26.5468796086  25.1848360722  25.0810426254  25.1018999  25.0200987187  25.0360035383  95.8333333333  86.0833333333  92.3333333333  93.3333333333  84.4166666667  382170280.041  549458549.99  
378000.0
25.7  25.8124908667  25.9331573502  26.0407367326  26.133323849  26.266345447  25.8927792019  25.8577998393  25.5873346314  25.6200951086  89.5  50.5  62.4166666667  68.5  96.0  0.0  158099772.02  
26.133323849  26.2128288925  26.2814634049  26.3410912548  26.3931985211  25.6200951086  25.4294242274  25.4556862134  25.3192549622  25.3500024894  96.0  84.8333333333  94.5833333333  96.3333333333  84.75  158099772.02  182945195.204  
26.3931985211  26.438966867  26.4793452286  26.5151048259  26.5468796086  25.3500024894  25.2372638118  25.2613108797  25.1739087896  25.1818332955  84.75  98.5833333333  93.4166666667  86.6666666667  92.5  182945195.204  347217611.14  
381600.0
25.7  25.8124908667  25.9331573502  26.0407367326  26.133323849  26.266345447  25.934645645  25.9471293947  25.7100174529  25.7399818963  99.0  87.4166666667  93.4166666667  95.0  79.0  0.0  98970633.2121  
26.133323849  26.2128288925  26.2814634049  26.3410912548  26.3931985211  25.7399818963  25.5547366662  25.5722898091  25.4307076547  25.4355556889  79.0  99.1666666667  92.5833333333  85.5833333333  91.75  98970633.2121  258557660.92  
26.3931985211  26.438966867  26.4793452286  26.5151048259  26.5468796086  25.4355556889  25.3191417045  25.324039071  25.2356672343  25.2446826598  91.75  87.4166666667  85.75  95.6666666667  94.6666666667  258557660.92  394663019.071  
385200.0
25.7  25.8124908667  25.9331573502  26.0407367326  26.133323849  26.266345447  25.934301391  25.9564828822  25.6985748794  25.7292975377  80.8333333333  100.166666667  90.8333333333  87.1666666667  92.3333333333  0.0  189179605.716  
26.133323849  26.2128288925  26.2814634049  26.3410912548  26.3931985211  25.7292975377  25.5378780782  25.5614625889  25.4161029554  25.4349279788  92.3333333333  87.5  84.5833333333  91.9166666667  88.4166666667  189179605.716  291872578.197  
26.3931985211  26.438966867  26.4793452286  26.5151048259  26.5468796086  25.4349279788  25.3081432784  25.3037129103  25.216344379  25.217190089  88.4166666667  83.0833333333  89.4166666667  106.083333333  86.5  291872578.197  381263924.282  
388800.0
25.7  25.516508685  25.3141794219  25.1294906058  24.9701854227  26.266345447  25.9269314451  25.9295404203  25.6889127703  25.7177836764  92.0833333333  87.9166666667  85.5  95.8333333333  90.5833333333  0.0  125585364.391  
24.9701854227  24.8366684682  24.7270151656  24.638428449  24.5678403464  25.7177836764  25.5161246753  25.5267872708  25.3908251969  25.4015969669  90.5833333333  86.1666666667  91.3333333333  102.833333333  85.25  125585364.391  157130477.142  
24.5678403464  24.5122397081  24.4688614769  24.4352826713  24.4094531802  25.4015969669  25.2945724176  25.2869958495  25.1810785343  25.1733990322  85.25  82.5833333333  80.75  78.0  61.4166666667  157130477.142  190789161.009  
392400.0
25.7  25.516508685  25.3141794219  25.1294906058  24.9701854227  26.266345447  25.9086093704  25.9522010314  25.6890028043  25.710364713  93.25  84.6666666667  89.6666666667  105.166666667  87.4166666667  0.0  98378133.6395  
24.9701854227  24.8366684682  24.7270151656  24.638428449  24.5678403464  25.710364713  25.504099659  25.4988867292  25.32778092  25.3187068291  87.4166666667  82.25  82.5  77.0  60.8333333333  98378133.6395  144694111.643  
24.5678403464  24.5122397081  24.4688614769  24.4352826713  24.4094531802  25.3187068291  25.1954754757  25.1809930063  25.0955473035  25.0763950586  60.8333333333  76.3333333333  70.5833333333  69.8333333333  61.75  144694111.643  228059450.965  
396000.0
25.7  25.516508685  25.3141794219  25.1294906058  24.9701854227  26.266345447  25.909645987  25.9526229356  25.683344722  25.7077091566  86.5  81.4166666667  82.5833333333  77.75  58.5833333333  0.0  91227704.829  
24.9701854227  24.8366684682  24.7270151656  24.638428449  24.5678403464  25.7077091566  25.4894796382  25.4982380259  25.3442527431  25.344082164  58.5833333333  77.25  68.5  68.3333333333  59.6666666667  91227704.829  186614992.02  
24.5678403464  24.5122397081  24.4688614769  24.4352826713  24.4094531802  25.344082164  25.1941597939  25.1741557512  25.0754332997  25.0396096771  59.6666666667  57.0  60.3333333333  51.75  13.5833333333  186614992.02  132912261.298  
399600.0
25.7  25.516508685  25.3141794219  25.1294906058  24.9701854227  26.266345447  25.8616658331  25.8977310696  25.5969645564  25.594308842  59.5833333333  74.25  67.5  68.0833333333  60.25  0.0  135760837.779  
24.9701854227  24.8366684682  24.7270151656  24.638428449  24.5678403464  25.594308842  25.3565148524  25.3507979698  25.1910268672  25.1581032073  60.25  57.4166666667  59.6666666667  51.9166666667  12.6666666667  135760837.779  108496297.953  
24.5678403464  24.5122397081  24.4688614769  24.4352826713  24.4094531802  25.1581032073  24.9849639634  24.8930183896  24.7417932624  24.6594752363  12.6666666667  0.0  0.0  0.0  0.25  108496297.953  182934225.14  
403200.0
25.7  25.516508685  25.3141794219  25.1294906058  24.9701854227  26.266345447  25.8536475161  25.8518633935  25.5611603958  25.5409168747  62.0  56.1666666667  60.0833333333  53.0  12.8333333333  0.0  75510542.1685  
24.9701854227  24.8366684682  24.7270151656  24.638428449  24.5678403464  25.5409168747  25.2459117977  25.1471176475  24.8908956599  24.7943834905  12.8333333333  0.166666666667  0.416666666667  1.16666666667  0.666666666667  75510542.1685  183736839.292  
24.5678403464  24.5122397081  24.4688614769  24.4352826713  24.4094531802  24.7943834905  24.5844037445  24.4805426387  24.3051462366  24.20081337  0.666666666667  1.16666666667  1.91666666667  0.416666666667  1.83333333333  183736839.292  353572888.689  
