28800.0
23.4259586667  24.6188401362  25.4980352792  26.1187335316  26.2989826405  26.3771995471  26.4291758473  26.4715612722  26.5083750506  26.5409266207  26.5698918507  26.5957529802  
32400.0
23.4259586667  24.6188401362  25.4980352792  26.1187335316  26.5767132107  26.9356454284  27.2309712023  27.4825250274  27.7022279369  27.8978231044  28.0746616049  28.2366152997  
36000.0
22.9404463123  24.3118751789  25.3071151644  25.9903407544  26.4816539594  26.8599609492  27.1678037818  27.4281334333  27.4324536231  27.3997720423  27.363117706  27.3274597022  
39600.0
22.8132327206  24.2524510305  25.2786527097  25.9742867558  26.1874906872  26.2835993504  26.3480326502  26.4003356509  26.4454675185  26.4851370177  26.5202531485  26.5514640497  
43200.0
22.509396853  23.5654310198  24.3212581546  24.8317545394  25.1863802351  25.4462747626  25.6463018348  25.8059684018  25.9367409728  26.0458472065  26.1381463852  26.2170760715  
46800.0
22.3743571979  23.4806602979  24.2701670192  24.7993490352  25.1640467711  25.4297083308  25.6333608678  25.795510565  25.6350336783  25.4257834155  25.227557567  25.0536378571  
50400.0
22.4432145451  23.5275270844  24.2998073836  24.8186694125  24.854334975  24.7789115741  24.6901901641  24.6116992153  24.5474733208  24.4965198164  24.4567267767  24.4259494061  
54000.0
22.6450120604  23.6494456623  24.3718896697  24.8640515624  25.2087794033  25.4629684721  25.6593825276  25.8165603842  25.9455098671  26.0532229509  26.1444255327  26.222472966  
57600.0
22.8490274744  23.7712841566  24.4443095295  24.9101826204  25.2408828835  25.4869893036  25.6782630434  25.831882901  25.6663886702  25.4532184594  25.2513308116  25.0738828227  
28800.0
23.4259586667  24.6188401362  25.4980352792  26.1187335316  26.2989826405  26.3771995471  26.4291758473  26.4715612722  26.5083750506  26.5409266207  26.5698918507  26.5957529802  
32400.0
23.4259586667  24.6188401362  25.4980352792  26.1187335316  26.5767132107  26.9356454284  27.2309712023  27.4825250274  27.7022279369  27.8978231044  28.0746616049  28.2366152997  
36000.0
22.9404463123  24.3118751789  25.3071151644  25.9903407544  26.4816539594  26.8599609492  27.1678037818  27.4281334333  27.4324536231  27.3997720423  27.363117706  27.3274597022  
39600.0
22.8132327206  24.2524510305  25.2786527097  25.9742867558  26.1874906872  26.2835993504  26.3480326502  26.4003356509  26.4454675185  26.4851370177  26.5202531485  26.5514640497  
43200.0
22.509396853  23.5654310198  24.3212581546  24.8317545394  25.1863802351  25.4462747626  25.6463018348  25.8059684018  25.9367409728  26.0458472065  26.1381463852  26.2170760715  
46800.0
22.3743571979  23.4806602979  24.2701670192  24.7993490352  25.1640467711  25.4297083308  25.6333608678  25.795510565  25.6350336783  25.4257834155  25.227557567  25.0536378571  
50400.0
22.4432145451  23.5275270844  24.2998073836  24.8186694125  24.854334975  24.7789115741  24.6901901641  24.6116992153  24.5474733208  24.4965198164  24.4567267767  24.4259494061  
54000.0
22.6450120604  23.6494456623  24.3718896697  24.8640515624  25.2087794033  25.4629684721  25.6593825276  25.8165603842  25.9455098671  26.0532229509  26.1444255327  26.222472966  
57600.0
22.8490274744  23.7712841566  24.4443095295  24.9101826204  25.2408828835  25.4869893036  25.6782630434  25.831882901  25.6663886702  25.4532184594  25.2513308116  25.0738828227  
115200.0
21.9310011095  23.2486140864  24.1512815406  24.7329413836  25.1217115276  25.3994740044  25.6101182639  25.7768518254  25.9127163699  26.0256822954  26.1210058936  26.2023616642  
118800.0
21.9933512785  23.2811639384  24.1676903894  24.7419133816  25.1273319264  25.4034465373  25.6131564911  25.7792847484  25.9147188687  26.0273605727  26.1224309524  26.2035840197  
122400.0
22.3829426512  23.50657144  24.2939108341  24.8175545175  25.1776906816  25.4401657156  25.6416216363  25.8022087445  25.9336374231  26.0432399522  26.1359282772  26.2151705121  
126000.0
22.6459326769  23.6525195011  24.3747501965  24.86627184  25.2104596563  25.4642653222  25.6604118288  25.8173976839  25.9462042783  26.0538075241  26.1449234433  26.2229010727  
129600.0
22.5584386593  23.1007450111  23.4884784476  23.7467884292  23.9179759987  24.0336758994  24.1138527926  24.1706530199  24.2115805635  24.2414346314  24.263400599  24.2796615071  
133200.0
23.2787723474  23.5792923422  23.7964565651  23.9475830553  24.052732283  24.1268231679  24.1798064574  24.2181859616  24.2462669774  24.2669663901  24.2823075171  24.293722196  
136800.0
23.506865429  23.7235771388  23.8897761468  24.0099358653  24.0957130332  24.157199196  24.2016701194  24.2341260577  24.2579924568  24.2756453726  24.288759731  24.2985339825  
140400.0
24.5371715833  24.5123546351  24.4758373079  24.4426521209  24.4156870938  24.3946169068  24.3784194831  24.3660653273  24.3566831677  24.3495770673  24.3442045507  24.3401478921  
144000.0
24.1461781281  24.1795765013  24.2135034137  24.241408246  24.262933664  24.2791767971  24.2913478307  24.3004534798  24.3072681509  24.3123727043  24.3161997338  24.3190711882  
28800.0
23.4259586667  24.6188401362  25.4980352792  26.1187335316  26.2989826405  26.3771995471  26.4291758473  26.4715612722  26.5083750506  26.5409266207  26.5698918507  26.5957529802  
32400.0
23.4259586667  24.6188401362  25.4980352792  26.1187335316  26.5767132107  26.9356454284  27.2309712023  27.4825250274  27.7022279369  27.8978231044  28.0746616049  28.2366152997  
36000.0
22.9404463123  24.3118751789  25.3071151644  25.9903407544  26.4816539594  26.8599609492  27.1678037818  27.4281334333  27.4324536231  27.3997720423  27.363117706  27.3274597022  
28800.0
23.4259586667  24.6188401362  25.4980352792  26.1187335316  26.2989826405  26.3771995471  26.4291758473  26.4715612722  26.5083750506  26.5409266207  26.5698918507  26.5957529802  
32400.0
23.4259586667  24.6188401362  25.4980352792  26.1187335316  26.5767132107  26.9356454284  27.2309712023  27.4825250274  27.7022279369  27.8978231044  28.0746616049  28.2366152997  
36000.0
22.9404463123  24.3118751789  25.3071151644  25.9903407544  26.4816539594  26.8599609492  27.1678037818  27.4281334333  27.4324536231  27.3997720423  27.363117706  27.3274597022  
39600.0
22.8132327206  24.2524510305  25.2786527097  25.9742867558  26.1874906872  26.2835993504  26.3480326502  26.4003356509  26.4454675185  26.4851370177  26.5202531485  26.5514640497  
43200.0
22.509396853  23.5654310198  24.3212581546  24.8317545394  25.1863802351  25.4462747626  25.6463018348  25.8059684018  25.9367409728  26.0458472065  26.1381463852  26.2170760715  
46800.0
22.3743571979  23.4806602979  24.2701670192  24.7993490352  25.1640467711  25.4297083308  25.6333608678  25.795510565  25.6350336783  25.4257834155  25.227557567  25.0536378571  
50400.0
22.4432145451  23.5275270844  24.2998073836  24.8186694125  24.854334975  24.7789115741  24.6901901641  24.6116992153  24.5474733208  24.4965198164  24.4567267767  24.4259494061  
54000.0
22.6450120604  23.6494456623  24.3718896697  24.8640515624  25.2087794033  25.4629684721  25.6593825276  25.8165603842  25.9455098671  26.0532229509  26.1444255327  26.222472966  
57600.0
22.8490274744  23.7712841566  24.4443095295  24.9101826204  25.2408828835  25.4869893036  25.6782630434  25.831882901  25.6663886702  25.4532184594  25.2513308116  25.0738828227  
115200.0
21.9310011095  23.2486140864  24.1512815406  24.7329413836  25.1217115276  25.3994740044  25.6101182639  25.7768518254  25.9127163699  26.0256822954  26.1210058936  26.2023616642  
118800.0
21.9933512785  23.2811639384  24.1676903894  24.7419133816  25.1273319264  25.4034465373  25.6131564911  25.7792847484  25.9147188687  26.0273605727  26.1224309524  26.2035840197  
122400.0
22.3829426512  23.50657144  24.2939108341  24.8175545175  25.1776906816  25.4401657156  25.6416216363  25.8022087445  25.9336374231  26.0432399522  26.1359282772  26.2151705121  
126000.0
22.6459326769  23.6525195011  24.3747501965  24.86627184  25.2104596563  25.4642653222  25.6604118288  25.8173976839  25.9462042783  26.0538075241  26.1449234433  26.2229010727  
129600.0
22.5584386593  23.1007450111  23.4884784476  23.7467884292  23.9179759987  24.0336758994  24.1138527926  24.1706530199  24.2115805635  24.2414346314  24.263400599  24.2796615071  
133200.0
23.2787723474  23.5792923422  23.7964565651  23.9475830553  24.052732283  24.1268231679  24.1798064574  24.2181859616  24.2462669774  24.2669663901  24.2823075171  24.293722196  
136800.0
23.506865429  23.7235771388  23.8897761468  24.0099358653  24.0957130332  24.157199196  24.2016701194  24.2341260577  24.2579924568  24.2756453726  24.288759731  24.2985339825  
140400.0
24.5371715833  24.5123546351  24.4758373079  24.4426521209  24.4156870938  24.3946169068  24.3784194831  24.3660653273  24.3566831677  24.3495770673  24.3442045507  24.3401478921  
144000.0
24.1461781281  24.1795765013  24.2135034137  24.241408246  24.262933664  24.2791767971  24.2913478307  24.3004534798  24.3072681509  24.3123727043  24.3161997338  24.3190711882  
201600.0
23.8577733396  24.4279867774  24.8733277466  25.2060144424  25.4580758639  25.6547614411  25.8126149773  25.9421932631  26.0504209952  26.1420370057  26.2204190698  26.2880585578  
205200.0
24.7090034133  25.0614556778  25.3413549044  25.5611831681  25.7365529828  25.8793243143  25.9976800905  26.0972499071  26.1820073255  26.2548453551  26.3179310615  26.3729273778  
208800.0
25.4511244086  25.6434562692  25.801955767  25.9330049083  26.0426094399  26.1353695037  26.2146855967  26.2830922475  26.3425152185  26.3944472754  26.4400665468  26.480317469  
212400.0
27.1917982353  27.178861314  27.155727102  27.1322776768  27.1100678612  27.0892954296  27.069934307  27.0519206919  27.0351843835  27.0196545475  27.0052611627  26.9919356657  
216000.0
28.1970234762  27.9268642035  27.6367203268  27.3351653647  27.0274895374  26.7193535564  26.4169144577  26.1264192529  25.8536685762  25.6034874433  25.3793128798  25.1829795462  
219600.0
28.8695892192  28.6451028355  28.3993656763  28.1352371267  27.8547114525  27.5606438902  27.2569551775  26.9485891334  26.6413089272  26.3413344152  26.05485024  25.7874550883  
223200.0
30.1372957272  30.0507874116  29.9526375383  29.8422052748  29.7182619661  29.5795298416  29.4247485564  29.2527386652  29.0624865276  28.8532546204  28.6247180309  28.3771235551  
226800.0
30.132247358  30.0444835306  29.9455125211  29.8341982604  29.709287266  29.5695003927  29.4135805449  29.240356609  29.0488299669  28.8382866044  28.6084353213  28.3595680854  
230400.0
30.7482934931  30.7425725861  30.7359800676  30.728479339  30.7199480025  30.7102452648  30.6992112884  30.6866647383  30.6723999932  30.6561840271  30.6377529379  30.6168080978  
288000.0
25.8124908667  25.9331573502  26.0407367326  26.133323849  26.2128288925  26.2814634049  26.3410912548  26.3931985211  26.438966867  26.4793452286  26.5151048259  26.5468796086  
291600.0
25.8124908667  25.9331573502  26.0407367326  26.133323849  26.2128288925  26.2814634049  26.3410912548  26.3931985211  26.438966867  26.4793452286  26.5151048259  26.5468796086  
295200.0
25.8124908667  25.9331573502  26.0407367326  26.133323849  26.2128288925  26.2814634049  26.3410912548  26.3931985211  26.438966867  26.4793452286  26.5151048259  26.5468796086  
298800.0
25.8124908667  25.9331573502  26.0407367326  26.133323849  26.2128288925  26.2814634049  26.3410912548  26.3931985211  26.438966867  26.4793452286  26.5151048259  26.5468796086  
302400.0
25.516508685  25.3141794219  25.1294906058  24.9701854227  24.8366684682  24.7270151656  24.638428449  24.5678403464  24.5122397081  24.4688614769  24.4352826713  24.4094531802  
306000.0
25.516508685  25.3141794219  25.1294906058  24.9701854227  24.8366684682  24.7270151656  24.638428449  24.5678403464  24.5122397081  24.4688614769  24.4352826713  24.4094531802  
309600.0
25.516508685  25.3141794219  25.1294906058  24.9701854227  24.8366684682  24.7270151656  24.638428449  24.5678403464  24.5122397081  24.4688614769  24.4352826713  24.4094531802  
313200.0
25.516508685  25.3141794219  25.1294906058  24.9701854227  24.8366684682  24.7270151656  24.638428449  24.5678403464  24.5122397081  24.4688614769  24.4352826713  24.4094531802  
316800.0
25.516508685  25.3141794219  25.1294906058  24.9701854227  24.8366684682  24.7270151656  24.638428449  24.5678403464  24.5122397081  24.4688614769  24.4352826713  24.4094531802  
374400.0
25.8124908667  25.9331573502  26.0407367326  26.133323849  26.2128288925  26.2814634049  26.3410912548  26.3931985211  26.438966867  26.4793452286  26.5151048259  26.5468796086  
378000.0
25.8124908667  25.9331573502  26.0407367326  26.133323849  26.2128288925  26.2814634049  26.3410912548  26.3931985211  26.438966867  26.4793452286  26.5151048259  26.5468796086  
381600.0
25.8124908667  25.9331573502  26.0407367326  26.133323849  26.2128288925  26.2814634049  26.3410912548  26.3931985211  26.438966867  26.4793452286  26.5151048259  26.5468796086  
385200.0
25.8124908667  25.9331573502  26.0407367326  26.133323849  26.2128288925  26.2814634049  26.3410912548  26.3931985211  26.438966867  26.4793452286  26.5151048259  26.5468796086  
388800.0
25.516508685  25.3141794219  25.1294906058  24.9701854227  24.8366684682  24.7270151656  24.638428449  24.5678403464  24.5122397081  24.4688614769  24.4352826713  24.4094531802  
392400.0
25.516508685  25.3141794219  25.1294906058  24.9701854227  24.8366684682  24.7270151656  24.638428449  24.5678403464  24.5122397081  24.4688614769  24.4352826713  24.4094531802  
396000.0
25.516508685  25.3141794219  25.1294906058  24.9701854227  24.8366684682  24.7270151656  24.638428449  24.5678403464  24.5122397081  24.4688614769  24.4352826713  24.4094531802  
399600.0
25.516508685  25.3141794219  25.1294906058  24.9701854227  24.8366684682  24.7270151656  24.638428449  24.5678403464  24.5122397081  24.4688614769  24.4352826713  24.4094531802  
403200.0
25.516508685  25.3141794219  25.1294906058  24.9701854227  24.8366684682  24.7270151656  24.638428449  24.5678403464  24.5122397081  24.4688614769  24.4352826713  24.4094531802  
