28800.0
time step : 49, 37, 27, 37, 42, 21, 122, 75, 28, 31, 101, 0, 

time step : 42, 26, 59, 9, 93, 60, 83, 28, 40, 33, 66, 32, 

time step : 1, 13, 37, 11, 58, 48, 65, 39, 42, 25, 29, 35, 

time step : 46, 54, 27, 30, 80, 100, 37, 86, 34, 27, 56, 79, 

time step : 67, 37, 4, 25, 57, 117, 131, 72, 57, 71, 101, 66, 

time step : 8, 23, 16, 35, 98, 77, 95, 34, 73, 38, 81, 151, 

time step : 38, 21, 19, 29, 44, 74, 52, 151, 30, 33, 70, 48, 

time step : 26, 25, 12, 37, 69, 71, 130, 81, 43, 4, 32, 73, 

time step : 22, 67, 36, 54, 86, 112, 73, 90, 50, 61, 30, 75, 

time step : 40, 53, 59, 83, 59, 112, 35, 87, 60, 10, 68, 47, 

time step : 54, 38, 25, 70, 84, 49, 74, 52, 52, 54, 35, 58, 

time step : 18, 47, 0, 0, 71, 100, 51, 71, 5, 81, 22, 55, 
32400.0
time step : 104, 12, 49, 43, 82, 66, 82, 98, 57, 104, 19, 43, 

time step : 129, 34, 29, 18, 105, 114, 176, 196, 57, 303, 138, 64, 

time step : 129, 57, 41, 37, 126, 103, 52, 232, 113, 113, 110, 139, 

time step : 79, 53, 0, 42, 102, 99, 194, 258, 74, 103, 101, 158, 

time step : 146, 40, 57, 25, 136, 136, 129, 235, 82, 89, 121, 114, 

time step : 46, 26, 58, 47, 123, 154, 194, 165, 94, 106, 41, 166, 

time step : 92, 37, 80, 66, 120, 48, 169, 205, 68, 105, 138, 137, 

time step : 77, 52, 54, 53, 113, 125, 178, 230, 61, 21, 89, 135, 

time step : 90, 55, 153, 32, 129, 54, 149, 229, 93, 119, 117, 231, 

time step : 58, 3, 84, 26, 167, 173, 92, 87, 83, 48, 144, 155, 

time step : 46, 37, 160, 123, 99, 59, 191, 265, 96, 59, 59, 185, 

time step : 15, 55, 20, 63, 113, 127, 124, 68, 57, 85, 24, 150, 
36000.0
time step : 82, 17, 55, 47, 140, 196, 225, 265, 98, 143, 117, 170, 

time step : 78, 20, 36, 36, 173, 124, 199, 261, 89, 145, 125, 149, 

time step : 80, 72, 108, 108, 142, 119, 199, 215, 132, 154, 103, 135, 

time step : 130, 45, 75, 86, 128, 129, 190, 305, 83, 131, 112, 233, 

time step : 118, 37, 69, 50, 132, 122, 173, 245, 93, 114, 139, 132, 

time step : 99, 57, 77, 70, 124, 161, 208, 245, 100, 145, 29, 167, 

time step : 41, 64, 49, 62, 79, 139, 225, 252, 79, 132, 138, 147, 

time step : 96, 40, 95, 127, 142, 134, 54, 180, 88, 2, 124, 167, 

time step : 107, 86, 102, 58, 171, 108, 225, 285, 81, 144, 112, 181, 

time step : 75, 20, 100, 92, 114, 166, 19, 43, 89, 16, 133, 211, 

time step : 0, 59, 87, 119, 94, 155, 200, 321, 92, 104, 43, 176, 

time step : 54, 24, 56, 29, 134, 50, 28, 52, 22, 104, 79, 164, 
39600.0
time step : 99, 44, 64, 85, 103, 148, 168, 249, 82, 134, 115, 162, 

time step : 48, 58, 82, 122, 157, 162, 236, 283, 96, 137, 127, 171, 

time step : 48, 59, 0, 166, 116, 168, 203, 275, 111, 150, 140, 191, 

time step : 74, 51, 11, 188, 152, 184, 166, 285, 90, 117, 120, 155, 

time step : 97, 45, 44, 57, 134, 136, 190, 242, 108, 139, 77, 158, 

time step : 75, 60, 63, 75, 119, 149, 208, 278, 99, 148, 110, 167, 

time step : 125, 67, 46, 58, 98, 136, 160, 261, 101, 138, 99, 139, 

time step : 68, 26, 50, 63, 133, 166, 204, 196, 59, 114, 75, 150, 

time step : 78, 45, 89, 65, 140, 129, 107, 250, 55, 149, 84, 165, 

time step : 4, 1, 54, 53, 108, 90, 101, 16, 8, 65, 0, 5, 

time step : 4, 15, 92, 0, 33, 54, 172, 58, 0, 95, 1, 30, 

time step : 43, 34, 28, 27, 0, 0, 135, 59, 9, 33, 6, 10, 
43200.0
time step : 55, 55, 84, 71, 118, 148, 188, 237, 85, 127, 110, 158, 

time step : 44, 54, 46, 0, 140, 149, 244, 12, 97, 143, 126, 171, 

time step : 51, 61, 0, 146, 111, 137, 178, 271, 110, 165, 135, 194, 

time step : 71, 61, 42, 137, 147, 182, 173, 277, 67, 95, 130, 201, 

time step : 67, 39, 48, 65, 133, 106, 181, 236, 111, 122, 63, 163, 

time step : 99, 45, 115, 68, 116, 137, 200, 347, 85, 124, 53, 185, 

time step : 55, 41, 49, 61, 107, 99, 80, 115, 87, 95, 103, 130, 

time step : 0, 60, 44, 39, 54, 170, 171, 252, 61, 51, 67, 135, 

time step : 22, 71, 46, 64, 141, 112, 223, 169, 52, 92, 95, 181, 

time step : 0, 3, 25, 24, 76, 118, 115, 22, 9, 67, 0, 0, 

time step : 58, 9, 3, 1, 36, 48, 14, 78, 0, 98, 3, 54, 

time step : 0, 10, 26, 1, 48, 0, 143, 9, 1, 41, 0, 81, 
46800.0
time step : 79, 61, 69, 144, 86, 132, 236, 130, 78, 124, 111, 162, 

time step : 45, 49, 59, 0, 90, 118, 186, 236, 99, 147, 126, 162, 

time step : 54, 61, 0, 76, 110, 118, 200, 253, 84, 155, 134, 188, 

time step : 81, 48, 0, 201, 102, 155, 161, 274, 32, 57, 137, 187, 

time step : 122, 37, 16, 61, 135, 176, 188, 216, 108, 75, 54, 61, 

time step : 152, 35, 38, 35, 29, 165, 166, 295, 73, 125, 49, 208, 

time step : 48, 25, 43, 60, 82, 63, 26, 118, 70, 0, 103, 105, 

time step : 0, 63, 36, 31, 48, 120, 0, 212, 0, 4, 100, 121, 

time step : 23, 57, 79, 72, 114, 110, 198, 167, 58, 109, 91, 164, 

time step : 0, 10, 0, 36, 9, 106, 25, 51, 5, 66, 7, 0, 

time step : 60, 21, 0, 3, 4, 43, 20, 86, 0, 29, 7, 98, 

time step : 0, 10, 0, 0, 123, 0, 99, 0, 8, 95, 0, 103, 
50400.0
time step : 51, 51, 73, 90, 85, 103, 243, 133, 82, 139, 107, 165, 

time step : 56, 60, 94, 0, 133, 90, 202, 192, 94, 145, 140, 156, 

time step : 46, 61, 0, 171, 118, 155, 192, 295, 102, 157, 134, 158, 

time step : 9, 76, 0, 218, 115, 175, 187, 296, 19, 47, 133, 172, 

time step : 176, 36, 22, 51, 136, 156, 188, 222, 107, 105, 61, 28, 

time step : 110, 39, 67, 31, 19, 147, 191, 306, 82, 129, 80, 168, 

time step : 45, 22, 40, 54, 86, 53, 16, 151, 102, 0, 95, 89, 

time step : 0, 67, 27, 37, 66, 148, 0, 251, 0, 10, 79, 137, 

time step : 60, 19, 66, 51, 119, 100, 129, 166, 56, 85, 72, 135, 

time step : 0, 10, 0, 31, 87, 103, 55, 76, 0, 91, 0, 0, 

time step : 71, 10, 0, 0, 74, 33, 0, 92, 0, 71, 32, 128, 

time step : 22, 13, 0, 0, 119, 0, 103, 61, 18, 2, 0, 76, 
54000.0
time step : 38, 69, 69, 18, 80, 123, 252, 157, 61, 110, 135, 158, 

time step : 53, 56, 45, 0, 61, 110, 151, 152, 90, 128, 129, 172, 

time step : 63, 62, 0, 72, 92, 101, 200, 253, 85, 125, 139, 185, 

time step : 93, 34, 22, 38, 137, 181, 175, 172, 43, 44, 146, 119, 

time step : 21, 34, 10, 19, 112, 176, 146, 194, 102, 24, 42, 25, 

time step : 99, 46, 107, 19, 3, 11, 138, 138, 65, 47, 40, 157, 

time step : 61, 22, 50, 44, 84, 0, 0, 84, 76, 39, 97, 73, 

time step : 0, 70, 28, 0, 88, 0, 0, 170, 0, 1, 75, 165, 

time step : 0, 23, 0, 24, 43, 52, 136, 113, 12, 0, 33, 9, 

time step : 0, 6, 0, 7, 0, 67, 0, 39, 5, 0, 0, 3, 

time step : 26, 8, 0, 0, 0, 0, 0, 0, 0, 0, 7, 1, 

time step : 10, 3, 0, 14, 0, 1, 63, 17, 0, 0, 0, 44, 
57600.0
time step : 52, 62, 84, 0, 81, 88, 225, 280, 78, 121, 121, 178, 

time step : 68, 74, 68, 0, 85, 111, 177, 83, 69, 121, 132, 164, 

time step : 77, 55, 90, 53, 72, 130, 175, 224, 67, 113, 105, 170, 

time step : 47, 11, 18, 92, 37, 82, 87, 55, 18, 0, 118, 16, 

time step : 34, 15, 0, 7, 69, 68, 0, 0, 69, 4, 52, 0, 

time step : 51, 14, 173, 0, 0, 0, 15, 91, 7, 30, 4, 5, 

time step : 56, 22, 13, 42, 55, 0, 0, 69, 0, 7, 23, 7, 

time step : 0, 15, 14, 48, 34, 69, 0, 46, 49, 0, 5, 137, 

time step : 60, 14, 0, 32, 13, 17, 37, 0, 0, 4, 2, 5, 

time step : 0, 7, 0, 0, 0, 0, 0, 8, 0, 15, 39, 0, 

time step : 3, 0, 0, 0, 0, 24, 0, 43, 1, 23, 12, 14, 

time step : 1, 3, 0, 0, 0, 0, 85, 0, 0, 0, 7, 78, 
28800.0
time step : 51, 38, 25, 37, 43, 21, 122, 75, 27, 30, 100, 0, 

time step : 43, 24, 59, 9, 95, 59, 84, 37, 39, 32, 62, 30, 

time step : 3, 13, 36, 12, 59, 46, 62, 38, 38, 26, 30, 35, 

time step : 44, 55, 26, 31, 82, 97, 36, 87, 35, 22, 59, 79, 

time step : 65, 35, 3, 24, 51, 114, 131, 76, 58, 70, 103, 65, 

time step : 7, 22, 18, 36, 97, 74, 98, 35, 72, 38, 79, 148, 

time step : 35, 20, 19, 31, 44, 75, 50, 148, 28, 33, 70, 49, 

time step : 25, 27, 13, 37, 69, 71, 129, 76, 44, 6, 31, 71, 

time step : 21, 64, 35, 52, 85, 111, 80, 93, 47, 64, 35, 77, 

time step : 41, 53, 58, 83, 60, 112, 35, 86, 59, 12, 65, 56, 

time step : 55, 37, 26, 73, 85, 50, 78, 50, 55, 53, 34, 61, 

time step : 17, 46, 0, 0, 74, 100, 51, 72, 7, 83, 20, 59, 
32400.0
time step : 105, 11, 53, 42, 79, 62, 86, 103, 56, 105, 20, 47, 

time step : 134, 34, 28, 18, 100, 106, 174, 195, 55, 305, 134, 63, 

time step : 129, 64, 40, 44, 130, 103, 48, 235, 117, 108, 110, 141, 

time step : 75, 52, 0, 46, 95, 103, 193, 260, 74, 102, 100, 166, 

time step : 143, 38, 57, 28, 135, 129, 133, 233, 82, 89, 122, 114, 

time step : 48, 26, 60, 45, 121, 156, 200, 163, 92, 108, 37, 166, 

time step : 92, 40, 79, 67, 118, 44, 171, 205, 71, 107, 137, 137, 

time step : 74, 53, 55, 54, 114, 117, 176, 231, 59, 20, 85, 135, 

time step : 91, 55, 156, 37, 128, 57, 152, 232, 90, 120, 120, 232, 

time step : 58, 6, 88, 29, 170, 176, 81, 87, 81, 44, 144, 166, 

time step : 46, 33, 160, 129, 99, 52, 194, 263, 94, 55, 58, 183, 

time step : 14, 54, 14, 55, 103, 122, 116, 64, 49, 83, 21, 145, 
36000.0
time step : 84, 16, 57, 47, 141, 194, 226, 261, 101, 144, 118, 174, 

time step : 78, 20, 37, 36, 167, 124, 199, 260, 91, 146, 126, 148, 

time step : 81, 72, 107, 113, 144, 119, 199, 216, 132, 150, 101, 137, 

time step : 126, 48, 68, 90, 130, 126, 190, 307, 81, 130, 112, 234, 

time step : 121, 38, 69, 52, 132, 123, 172, 247, 94, 117, 137, 130, 

time step : 97, 57, 76, 69, 122, 162, 207, 246, 102, 147, 32, 167, 

time step : 42, 65, 50, 62, 84, 141, 226, 251, 78, 133, 138, 148, 

time step : 91, 41, 97, 133, 142, 133, 58, 186, 85, 2, 123, 166, 

time step : 113, 84, 112, 59, 171, 110, 226, 285, 82, 143, 109, 181, 

time step : 76, 19, 101, 97, 116, 164, 25, 43, 90, 17, 136, 210, 

time step : 2, 59, 86, 119, 92, 158, 199, 323, 93, 104, 39, 175, 

time step : 52, 25, 56, 27, 130, 50, 24, 53, 23, 104, 73, 167, 
39600.0
time step : 98, 43, 61, 82, 103, 147, 167, 248, 81, 134, 113, 157, 

time step : 48, 57, 82, 122, 157, 162, 241, 284, 96, 137, 129, 170, 

time step : 50, 59, 0, 168, 117, 168, 204, 275, 113, 153, 142, 193, 

time step : 76, 51, 6, 183, 150, 188, 163, 281, 89, 116, 121, 153, 

time step : 93, 46, 43, 55, 134, 134, 189, 241, 105, 140, 75, 158, 

time step : 76, 59, 63, 74, 120, 146, 206, 278, 101, 148, 112, 166, 

time step : 125, 64, 48, 57, 94, 137, 154, 262, 101, 138, 99, 140, 

time step : 64, 25, 49, 59, 133, 163, 201, 195, 60, 114, 76, 149, 

time step : 79, 37, 85, 65, 139, 126, 108, 250, 54, 150, 86, 163, 

time step : 3, 2, 53, 53, 108, 88, 99, 15, 8, 64, 0, 5, 

time step : 2, 15, 93, 0, 35, 51, 172, 54, 0, 89, 1, 29, 

time step : 43, 33, 26, 26, 0, 0, 131, 60, 10, 32, 5, 10, 
43200.0
time step : 53, 53, 80, 71, 115, 147, 193, 240, 81, 128, 111, 155, 

time step : 45, 55, 46, 0, 139, 148, 245, 18, 99, 143, 126, 170, 

time step : 49, 61, 0, 145, 115, 140, 175, 273, 112, 162, 137, 194, 

time step : 77, 64, 45, 142, 146, 190, 173, 281, 69, 99, 129, 200, 

time step : 67, 38, 46, 63, 133, 107, 181, 236, 110, 121, 65, 159, 

time step : 96, 44, 119, 67, 117, 133, 198, 346, 86, 123, 49, 177, 

time step : 55, 38, 48, 60, 103, 95, 80, 115, 89, 93, 102, 125, 

time step : 0, 59, 43, 39, 53, 167, 169, 252, 62, 51, 65, 134, 

time step : 21, 70, 45, 64, 142, 112, 218, 167, 51, 85, 96, 179, 

time step : 0, 2, 25, 23, 76, 117, 109, 24, 9, 68, 0, 0, 

time step : 58, 8, 4, 0, 36, 46, 11, 70, 0, 96, 2, 50, 

time step : 1, 10, 25, 0, 53, 0, 140, 7, 0, 36, 0, 79, 
46800.0
time step : 77, 61, 73, 138, 87, 131, 236, 135, 79, 126, 111, 165, 

time step : 44, 48, 58, 0, 100, 119, 189, 239, 95, 146, 130, 162, 

time step : 54, 60, 0, 82, 105, 120, 199, 254, 84, 150, 133, 185, 

time step : 74, 51, 0, 196, 104, 160, 153, 267, 31, 58, 135, 186, 

time step : 129, 39, 19, 62, 136, 189, 189, 221, 106, 76, 60, 55, 

time step : 154, 36, 40, 36, 25, 166, 169, 297, 74, 126, 50, 207, 

time step : 47, 25, 43, 60, 84, 63, 27, 121, 71, 0, 102, 103, 

time step : 0, 62, 35, 33, 51, 125, 0, 216, 0, 4, 99, 121, 

time step : 25, 60, 80, 74, 116, 108, 198, 161, 58, 111, 93, 163, 

time step : 0, 7, 0, 33, 11, 104, 30, 49, 3, 67, 5, 0, 

time step : 60, 17, 0, 3, 7, 51, 19, 85, 0, 33, 4, 100, 

time step : 0, 11, 0, 0, 123, 0, 101, 0, 8, 92, 0, 108, 
50400.0
time step : 49, 52, 77, 90, 86, 106, 242, 141, 82, 136, 107, 168, 

time step : 54, 62, 94, 0, 128, 91, 200, 175, 92, 145, 135, 157, 

time step : 46, 61, 0, 167, 114, 153, 188, 291, 102, 154, 132, 158, 

time step : 10, 73, 0, 217, 116, 173, 195, 292, 17, 42, 132, 171, 

time step : 181, 35, 22, 51, 136, 155, 190, 224, 109, 104, 59, 24, 

time step : 107, 37, 67, 28, 20, 147, 190, 302, 81, 126, 82, 166, 

time step : 46, 25, 38, 53, 90, 53, 17, 148, 104, 0, 95, 90, 

time step : 0, 69, 29, 40, 66, 146, 0, 255, 0, 11, 83, 142, 

time step : 56, 20, 62, 48, 114, 97, 127, 164, 57, 80, 72, 126, 

time step : 0, 8, 0, 30, 85, 102, 53, 78, 0, 91, 0, 0, 

time step : 72, 9, 0, 1, 71, 36, 0, 91, 0, 76, 31, 128, 

time step : 21, 15, 0, 0, 118, 0, 102, 61, 18, 2, 0, 72, 
54000.0
time step : 39, 67, 69, 19, 80, 123, 251, 156, 62, 110, 137, 157, 

time step : 52, 57, 43, 0, 60, 113, 154, 149, 92, 129, 129, 171, 

time step : 63, 63, 0, 68, 88, 98, 201, 255, 85, 123, 139, 185, 

time step : 92, 34, 23, 38, 137, 180, 173, 169, 40, 37, 146, 117, 

time step : 22, 34, 10, 19, 113, 175, 148, 198, 104, 26, 46, 27, 

time step : 96, 47, 101, 20, 3, 15, 137, 143, 66, 50, 41, 160, 

time step : 60, 20, 50, 45, 87, 0, 0, 87, 76, 41, 98, 72, 

time step : 0, 68, 28, 0, 88, 0, 0, 171, 0, 0, 72, 164, 

time step : 2, 28, 0, 28, 41, 52, 137, 110, 14, 0, 31, 10, 

time step : 0, 6, 0, 8, 0, 69, 0, 39, 4, 0, 0, 2, 

time step : 28, 8, 0, 0, 0, 0, 0, 0, 0, 0, 5, 1, 

time step : 10, 2, 0, 13, 0, 0, 61, 15, 0, 0, 0, 43, 
57600.0
time step : 52, 62, 84, 0, 81, 90, 222, 272, 78, 121, 121, 177, 

time step : 68, 74, 68, 0, 84, 110, 172, 87, 72, 122, 132, 161, 

time step : 78, 53, 90, 51, 73, 133, 174, 223, 70, 115, 104, 169, 

time step : 50, 8, 17, 90, 39, 80, 77, 49, 15, 0, 113, 18, 

time step : 26, 13, 0, 2, 65, 69, 0, 0, 67, 4, 55, 0, 

time step : 48, 13, 170, 0, 0, 0, 12, 91, 7, 23, 3, 8, 

time step : 59, 23, 15, 41, 53, 0, 0, 60, 1, 5, 24, 7, 

time step : 0, 12, 14, 44, 31, 69, 0, 40, 49, 0, 3, 135, 

time step : 59, 11, 0, 27, 14, 12, 32, 0, 0, 3, 0, 5, 

time step : 0, 6, 0, 0, 1, 1, 0, 7, 0, 19, 38, 0, 

time step : 4, 0, 0, 0, 0, 20, 0, 42, 6, 27, 13, 12, 

time step : 0, 4, 1, 0, 0, 0, 81, 0, 0, 0, 5, 82, 
115200.0
time step : 45, 34, 25, 37, 41, 23, 108, 68, 27, 31, 104, 4, 

time step : 37, 26, 66, 8, 85, 49, 71, 22, 36, 36, 69, 31, 

time step : 2, 13, 39, 15, 51, 51, 74, 40, 41, 24, 28, 39, 

time step : 47, 54, 29, 30, 79, 113, 30, 88, 31, 28, 55, 70, 

time step : 64, 45, 9, 34, 59, 114, 129, 82, 60, 61, 98, 69, 

time step : 3, 27, 13, 37, 88, 77, 83, 35, 67, 36, 64, 144, 

time step : 42, 24, 15, 27, 37, 67, 44, 151, 36, 31, 49, 47, 

time step : 24, 24, 10, 38, 60, 57, 116, 88, 42, 13, 38, 69, 

time step : 19, 63, 34, 45, 80, 103, 56, 102, 44, 62, 22, 78, 

time step : 39, 50, 53, 83, 58, 103, 17, 90, 54, 9, 68, 50, 

time step : 55, 36, 24, 83, 85, 48, 74, 58, 49, 47, 38, 67, 

time step : 14, 45, 0, 2, 41, 80, 47, 58, 0, 78, 21, 58, 
118800.0
time step : 103, 10, 64, 38, 77, 58, 80, 117, 58, 105, 28, 38, 

time step : 133, 35, 26, 19, 109, 111, 173, 195, 58, 310, 134, 59, 

time step : 129, 65, 53, 35, 129, 111, 48, 235, 113, 104, 108, 137, 

time step : 61, 56, 0, 38, 96, 105, 190, 251, 74, 90, 99, 162, 

time step : 146, 36, 57, 25, 135, 126, 127, 218, 77, 87, 122, 113, 

time step : 51, 29, 57, 45, 119, 154, 204, 154, 85, 95, 5, 165, 

time step : 94, 36, 86, 66, 113, 40, 166, 214, 74, 91, 133, 136, 

time step : 74, 52, 58, 55, 110, 112, 159, 212, 70, 16, 85, 135, 

time step : 93, 48, 123, 33, 122, 33, 146, 234, 87, 123, 118, 244, 

time step : 58, 1, 88, 26, 157, 171, 74, 51, 78, 50, 145, 151, 

time step : 33, 37, 158, 140, 100, 55, 193, 257, 95, 48, 57, 183, 

time step : 19, 61, 10, 61, 108, 124, 112, 61, 32, 74, 0, 147, 
122400.0
time step : 80, 17, 79, 49, 146, 188, 228, 260, 99, 148, 122, 172, 

time step : 91, 16, 43, 32, 153, 138, 206, 267, 85, 146, 134, 149, 

time step : 78, 72, 77, 110, 127, 114, 194, 240, 137, 155, 101, 136, 

time step : 125, 55, 76, 112, 136, 139, 189, 303, 72, 124, 113, 230, 

time step : 121, 33, 73, 51, 133, 124, 197, 239, 94, 118, 139, 137, 

time step : 97, 55, 80, 69, 113, 165, 208, 254, 103, 152, 52, 179, 

time step : 40, 72, 47, 63, 104, 144, 234, 290, 65, 141, 140, 149, 

time step : 91, 44, 91, 226, 140, 148, 85, 189, 74, 0, 130, 170, 

time step : 103, 92, 140, 67, 169, 121, 227, 279, 81, 144, 93, 163, 

time step : 71, 17, 137, 82, 111, 166, 35, 64, 80, 53, 150, 192, 

time step : 23, 58, 76, 109, 80, 156, 228, 326, 89, 88, 26, 190, 

time step : 76, 5, 52, 38, 43, 58, 33, 46, 12, 96, 15, 181, 
126000.0
time step : 84, 45, 70, 111, 94, 137, 187, 244, 85, 128, 117, 147, 

time step : 46, 51, 65, 111, 151, 161, 241, 284, 96, 140, 126, 186, 

time step : 60, 59, 0, 194, 106, 160, 212, 270, 109, 148, 138, 163, 

time step : 69, 52, 0, 200, 158, 193, 159, 289, 84, 98, 129, 158, 

time step : 84, 61, 41, 57, 135, 131, 200, 256, 111, 135, 92, 175, 

time step : 70, 45, 56, 70, 116, 147, 213, 303, 93, 150, 88, 180, 

time step : 128, 57, 41, 59, 87, 104, 140, 275, 93, 136, 107, 134, 

time step : 71, 43, 55, 60, 121, 161, 180, 227, 58, 114, 78, 145, 

time step : 73, 39, 84, 67, 135, 132, 121, 201, 57, 177, 84, 181, 

time step : 0, 3, 39, 34, 103, 52, 102, 10, 11, 84, 0, 0, 

time step : 3, 12, 93, 0, 39, 49, 160, 39, 0, 116, 4, 38, 

time step : 45, 34, 31, 23, 0, 0, 138, 57, 12, 0, 2, 4, 
129600.0
time step : 65, 53, 82, 96, 116, 143, 190, 128, 84, 128, 116, 154, 

time step : 47, 51, 42, 0, 136, 154, 225, 66, 103, 143, 129, 169, 

time step : 52, 61, 0, 122, 112, 133, 183, 254, 101, 157, 136, 193, 

time step : 73, 57, 26, 129, 134, 182, 173, 281, 57, 78, 131, 177, 

time step : 58, 41, 46, 71, 133, 128, 174, 211, 110, 113, 69, 167, 

time step : 116, 41, 64, 54, 79, 142, 169, 316, 79, 125, 53, 183, 

time step : 50, 42, 52, 62, 98, 97, 81, 115, 76, 85, 108, 134, 

time step : 0, 59, 47, 33, 32, 137, 43, 262, 61, 38, 60, 128, 

time step : 33, 76, 43, 66, 131, 113, 211, 192, 56, 104, 87, 182, 

time step : 0, 9, 3, 25, 20, 123, 74, 30, 5, 63, 0, 0, 

time step : 59, 12, 2, 0, 12, 29, 12, 93, 0, 28, 0, 41, 

time step : 0, 0, 2, 0, 0, 0, 128, 0, 0, 56, 0, 75, 
133200.0
time step : 70, 62, 57, 135, 85, 130, 248, 143, 85, 122, 112, 156, 

time step : 47, 47, 55, 0, 96, 127, 173, 222, 98, 145, 125, 175, 

time step : 62, 62, 0, 112, 109, 115, 197, 257, 84, 151, 134, 186, 

time step : 81, 49, 35, 190, 118, 153, 191, 291, 32, 53, 137, 183, 

time step : 98, 37, 17, 85, 136, 207, 191, 210, 111, 76, 73, 42, 

time step : 140, 33, 45, 22, 21, 162, 153, 295, 71, 121, 56, 203, 

time step : 47, 34, 46, 62, 66, 89, 50, 126, 67, 4, 103, 109, 

time step : 0, 54, 35, 47, 83, 125, 0, 239, 3, 6, 102, 129, 

time step : 26, 62, 70, 72, 98, 110, 192, 161, 58, 76, 71, 161, 

time step : 0, 8, 0, 25, 7, 107, 36, 52, 4, 75, 7, 0, 

time step : 64, 23, 0, 5, 6, 64, 20, 130, 0, 75, 6, 92, 

time step : 7, 13, 0, 0, 139, 0, 111, 0, 8, 79, 0, 112, 
136800.0
time step : 54, 55, 69, 84, 88, 112, 241, 141, 77, 129, 110, 157, 

time step : 50, 39, 54, 0, 90, 94, 190, 144, 93, 146, 133, 165, 

time step : 49, 61, 0, 152, 112, 160, 178, 282, 101, 146, 131, 171, 

time step : 15, 62, 0, 211, 111, 166, 189, 273, 26, 35, 130, 171, 

time step : 131, 36, 22, 55, 136, 157, 184, 208, 104, 96, 53, 18, 

time step : 103, 39, 72, 31, 21, 144, 172, 288, 82, 111, 72, 164, 

time step : 44, 16, 38, 52, 83, 62, 29, 130, 101, 0, 92, 97, 

time step : 0, 55, 30, 38, 41, 135, 0, 248, 2, 14, 88, 139, 

time step : 36, 16, 58, 50, 108, 93, 131, 157, 55, 70, 85, 83, 

time step : 76, 9, 0, 23, 75, 101, 5, 71, 0, 79, 0, 1, 

time step : 69, 11, 0, 0, 43, 24, 0, 49, 0, 80, 16, 113, 

time step : 4, 18, 0, 0, 133, 0, 108, 56, 22, 12, 0, 66, 
140400.0
time step : 40, 68, 73, 17, 85, 127, 277, 167, 62, 120, 125, 163, 

time step : 54, 56, 53, 0, 63, 118, 157, 127, 89, 130, 127, 167, 

time step : 54, 66, 0, 82, 90, 101, 188, 244, 84, 125, 136, 189, 

time step : 122, 44, 15, 41, 124, 187, 213, 197, 45, 61, 140, 130, 

time step : 39, 32, 8, 32, 124, 192, 157, 166, 103, 57, 49, 17, 

time step : 118, 52, 87, 0, 0, 84, 134, 192, 81, 73, 40, 153, 

time step : 54, 19, 44, 46, 85, 25, 1, 99, 83, 18, 91, 75, 

time step : 0, 64, 39, 22, 79, 75, 0, 185, 0, 12, 84, 171, 

time step : 0, 24, 0, 36, 42, 55, 141, 118, 24, 0, 52, 6, 

time step : 0, 6, 0, 2, 0, 84, 0, 51, 6, 21, 0, 4, 

time step : 50, 8, 0, 0, 0, 0, 0, 66, 0, 11, 4, 11, 

time step : 12, 3, 0, 7, 0, 0, 93, 0, 4, 0, 0, 43, 
144000.0
time step : 45, 60, 91, 0, 88, 92, 223, 255, 81, 128, 120, 194, 

time step : 60, 63, 63, 0, 80, 115, 183, 149, 81, 131, 137, 181, 

time step : 69, 52, 93, 38, 87, 121, 134, 250, 71, 74, 117, 182, 

time step : 45, 33, 24, 84, 45, 89, 98, 69, 34, 0, 122, 74, 

time step : 31, 25, 0, 27, 95, 81, 69, 109, 76, 4, 72, 0, 

time step : 41, 24, 247, 0, 0, 0, 26, 109, 35, 74, 5, 10, 

time step : 49, 31, 28, 45, 95, 0, 0, 65, 26, 6, 83, 37, 

time step : 0, 35, 10, 41, 60, 80, 0, 17, 51, 0, 0, 176, 

time step : 41, 32, 0, 63, 9, 51, 96, 0, 2, 16, 7, 6, 

time step : 0, 5, 0, 0, 0, 0, 0, 5, 0, 21, 29, 0, 

time step : 9, 0, 0, 3, 19, 54, 0, 72, 0, 29, 7, 44, 

time step : 1, 3, 0, 0, 7, 0, 39, 16, 0, 0, 2, 39, 
28800.0
time step : 48, 37, 25, 38, 42, 23, 120, 71, 25, 29, 78, 2, 

time step : 41, 23, 52, 10, 79, 59, 73, 29, 37, 29, 57, 28, 

time step : 3, 12, 33, 12, 54, 47, 53, 38, 35, 24, 25, 35, 

time step : 46, 52, 26, 31, 82, 98, 45, 87, 33, 31, 51, 76, 

time step : 63, 38, 5, 25, 52, 113, 124, 82, 59, 68, 100, 65, 

time step : 10, 23, 18, 34, 92, 74, 88, 34, 66, 38, 66, 136, 

time step : 34, 20, 19, 29, 44, 72, 55, 138, 30, 34, 63, 51, 

time step : 32, 27, 15, 37, 70, 77, 122, 73, 41, 8, 31, 72, 

time step : 25, 63, 34, 50, 82, 106, 67, 87, 47, 57, 32, 73, 

time step : 41, 48, 56, 78, 59, 108, 38, 85, 59, 13, 62, 52, 

time step : 52, 36, 33, 74, 82, 53, 70, 56, 49, 55, 36, 61, 

time step : 19, 45, 0, 0, 70, 98, 51, 66, 8, 78, 23, 53, 
28800.0
time step : 46, 36, 25, 37, 41, 21, 124, 73, 26, 32, 81, 0, 

time step : 41, 22, 50, 9, 87, 61, 84, 29, 37, 31, 55, 30, 

time step : 2, 13, 35, 12, 59, 46, 56, 38, 41, 27, 28, 41, 

time step : 44, 53, 26, 31, 81, 99, 39, 87, 35, 25, 56, 81, 

time step : 66, 36, 1, 24, 53, 116, 133, 76, 57, 76, 104, 66, 

time step : 8, 21, 19, 35, 97, 77, 101, 34, 72, 39, 79, 153, 

time step : 32, 19, 20, 32, 46, 77, 53, 149, 29, 35, 72, 50, 

time step : 30, 25, 13, 37, 70, 77, 133, 79, 42, 1, 31, 72, 

time step : 22, 64, 36, 54, 85, 112, 80, 92, 50, 64, 29, 75, 

time step : 40, 51, 58, 83, 59, 111, 40, 89, 59, 11, 66, 52, 

time step : 55, 37, 30, 74, 81, 48, 76, 54, 51, 55, 32, 59, 

time step : 20, 46, 0, 0, 77, 108, 49, 73, 6, 81, 23, 56, 
32400.0
time step : 104, 13, 44, 44, 87, 67, 83, 94, 57, 101, 18, 46, 

time step : 127, 33, 29, 18, 94, 114, 173, 193, 58, 297, 138, 64, 

time step : 131, 56, 38, 30, 126, 103, 51, 232, 109, 111, 110, 138, 

time step : 78, 52, 0, 43, 99, 96, 193, 266, 74, 105, 100, 157, 

time step : 148, 41, 56, 30, 135, 134, 128, 235, 81, 90, 120, 114, 

time step : 45, 26, 57, 48, 121, 154, 194, 163, 96, 104, 40, 168, 

time step : 92, 37, 79, 66, 123, 46, 173, 207, 68, 106, 139, 134, 

time step : 75, 54, 56, 53, 116, 125, 182, 233, 62, 24, 89, 134, 

time step : 93, 55, 160, 35, 130, 50, 152, 228, 95, 121, 115, 225, 

time step : 60, 4, 83, 25, 169, 176, 97, 82, 84, 48, 144, 159, 

time step : 47, 37, 159, 121, 94, 60, 191, 261, 92, 59, 56, 182, 

time step : 14, 55, 21, 63, 109, 127, 125, 67, 58, 85, 23, 149, 
36000.0
time step : 84, 14, 56, 47, 140, 193, 226, 260, 101, 146, 117, 173, 

time step : 79, 19, 36, 36, 165, 127, 201, 260, 91, 146, 128, 146, 

time step : 82, 74, 106, 112, 143, 117, 200, 218, 135, 153, 103, 137, 

time step : 134, 48, 69, 95, 128, 125, 189, 305, 83, 130, 111, 238, 

time step : 121, 38, 67, 53, 132, 121, 174, 253, 93, 119, 138, 129, 

time step : 100, 59, 75, 69, 126, 162, 206, 246, 101, 148, 34, 167, 

time step : 42, 67, 52, 63, 81, 142, 226, 252, 75, 136, 138, 148, 

time step : 88, 42, 100, 154, 141, 132, 58, 182, 85, 1, 124, 165, 

time step : 115, 88, 120, 63, 175, 112, 224, 286, 81, 143, 111, 182, 

time step : 78, 20, 103, 100, 115, 164, 30, 46, 88, 19, 135, 209, 

time step : 0, 59, 87, 120, 93, 161, 201, 327, 94, 93, 37, 175, 

time step : 48, 21, 56, 24, 130, 49, 25, 51, 20, 104, 73, 166, 
39600.0
time step : 100, 44, 62, 84, 101, 147, 178, 248, 83, 136, 113, 151, 

time step : 51, 57, 81, 119, 159, 166, 246, 285, 98, 138, 130, 169, 

time step : 48, 60, 0, 181, 119, 166, 208, 275, 117, 157, 143, 193, 

time step : 80, 54, 10, 185, 153, 190, 166, 285, 91, 117, 122, 155, 

time step : 91, 46, 43, 55, 134, 131, 189, 241, 106, 140, 76, 158, 

time step : 77, 62, 63, 74, 122, 146, 205, 280, 100, 150, 110, 165, 

time step : 125, 63, 51, 59, 92, 138, 155, 263, 100, 139, 99, 141, 

time step : 66, 27, 49, 61, 133, 164, 206, 194, 58, 114, 73, 148, 

time step : 84, 34, 88, 66, 143, 128, 109, 253, 54, 149, 86, 167, 

time step : 4, 2, 54, 52, 113, 89, 103, 16, 9, 67, 0, 4, 

time step : 1, 15, 97, 0, 36, 52, 175, 49, 0, 89, 1, 33, 

time step : 41, 28, 26, 21, 0, 0, 135, 60, 11, 34, 6, 11, 
28800.0
time step : 51, 38, 29, 38, 42, 19, 118, 77, 27, 32, 104, 0, 

time step : 40, 24, 58, 9, 91, 59, 78, 27, 38, 32, 62, 35, 

time step : 1, 13, 40, 10, 59, 44, 62, 38, 41, 28, 30, 44, 

time step : 46, 55, 28, 31, 80, 101, 39, 86, 31, 24, 54, 73, 

time step : 66, 42, 2, 27, 55, 116, 132, 77, 56, 77, 105, 72, 

time step : 8, 23, 16, 36, 97, 75, 95, 35, 72, 40, 76, 153, 

time step : 34, 20, 19, 31, 37, 73, 47, 155, 30, 34, 67, 49, 

time step : 26, 28, 10, 37, 62, 70, 124, 80, 40, 0, 32, 73, 

time step : 23, 66, 37, 57, 82, 112, 68, 90, 46, 63, 26, 74, 

time step : 39, 53, 56, 86, 56, 108, 34, 87, 53, 11, 68, 49, 

time step : 55, 36, 32, 81, 76, 46, 65, 48, 43, 55, 31, 58, 

time step : 17, 48, 0, 0, 62, 97, 48, 71, 3, 81, 20, 48, 
32400.0
time step : 107, 12, 50, 42, 84, 65, 82, 96, 61, 101, 19, 49, 

time step : 129, 35, 30, 19, 97, 108, 174, 195, 56, 299, 137, 63, 

time step : 131, 60, 39, 31, 128, 101, 50, 230, 112, 110, 110, 140, 

time step : 74, 51, 0, 42, 97, 97, 192, 257, 74, 103, 100, 159, 

time step : 144, 42, 56, 30, 135, 132, 127, 237, 80, 88, 119, 114, 

time step : 45, 26, 58, 47, 120, 154, 197, 157, 90, 105, 36, 165, 

time step : 93, 36, 80, 65, 121, 43, 170, 206, 73, 105, 138, 136, 

time step : 73, 54, 55, 53, 117, 122, 181, 232, 61, 22, 86, 133, 

time step : 87, 52, 155, 32, 128, 49, 154, 226, 92, 120, 118, 224, 

time step : 60, 3, 85, 18, 171, 175, 87, 92, 85, 46, 143, 157, 

time step : 43, 35, 158, 127, 94, 50, 192, 261, 93, 57, 57, 185, 

time step : 14, 55, 19, 62, 102, 124, 117, 66, 55, 83, 22, 146, 
36000.0
time step : 84, 15, 58, 46, 140, 195, 226, 270, 100, 145, 117, 172, 

time step : 79, 19, 34, 37, 163, 120, 200, 259, 88, 144, 127, 147, 

time step : 81, 71, 105, 109, 140, 118, 196, 215, 132, 147, 104, 136, 

time step : 112, 48, 67, 84, 127, 132, 189, 307, 79, 129, 111, 233, 

time step : 122, 35, 70, 53, 133, 124, 180, 244, 93, 114, 139, 132, 

time step : 103, 57, 79, 70, 123, 162, 211, 247, 103, 149, 33, 169, 

time step : 42, 64, 48, 61, 84, 138, 227, 252, 80, 131, 138, 146, 

time step : 90, 42, 97, 139, 142, 131, 64, 181, 85, 2, 121, 167, 

time step : 108, 84, 112, 62, 172, 108, 231, 285, 81, 143, 108, 175, 

time step : 79, 20, 101, 96, 116, 164, 25, 46, 92, 15, 137, 214, 

time step : 0, 59, 84, 120, 92, 157, 205, 322, 91, 101, 40, 175, 

time step : 51, 23, 53, 26, 127, 49, 28, 56, 20, 103, 79, 162, 
39600.0
time step : 101, 43, 65, 85, 102, 148, 164, 245, 81, 136, 113, 154, 

time step : 49, 57, 80, 119, 158, 165, 240, 285, 97, 138, 131, 169, 

time step : 48, 59, 0, 166, 121, 171, 205, 277, 112, 154, 140, 191, 

time step : 74, 51, 12, 188, 149, 187, 163, 288, 91, 117, 120, 153, 

time step : 91, 46, 43, 56, 135, 133, 186, 239, 106, 141, 74, 156, 

time step : 78, 62, 63, 75, 122, 149, 207, 282, 100, 149, 110, 164, 

time step : 127, 61, 46, 59, 97, 135, 156, 263, 100, 141, 101, 141, 

time step : 65, 27, 49, 58, 133, 160, 204, 196, 59, 114, 75, 145, 

time step : 83, 45, 90, 62, 145, 132, 105, 252, 55, 150, 85, 168, 

time step : 4, 2, 54, 57, 111, 92, 102, 14, 8, 65, 0, 5, 

time step : 3, 16, 94, 0, 34, 51, 174, 54, 0, 86, 1, 31, 

time step : 39, 30, 23, 25, 0, 0, 134, 58, 11, 33, 6, 9, 
43200.0
time step : 54, 54, 82, 70, 116, 148, 194, 239, 81, 126, 109, 157, 

time step : 45, 55, 47, 0, 133, 147, 245, 11, 96, 142, 124, 171, 

time step : 50, 61, 0, 139, 113, 135, 176, 270, 111, 164, 135, 195, 

time step : 77, 61, 45, 139, 144, 183, 175, 277, 71, 98, 129, 201, 

time step : 66, 38, 46, 62, 133, 106, 183, 234, 111, 120, 66, 165, 

time step : 99, 45, 117, 66, 119, 134, 198, 344, 86, 122, 50, 179, 

time step : 55, 39, 47, 60, 101, 96, 79, 115, 88, 93, 102, 124, 

time step : 0, 58, 43, 41, 53, 166, 167, 245, 64, 51, 65, 136, 

time step : 20, 70, 45, 63, 140, 111, 219, 165, 51, 86, 95, 175, 

time step : 0, 3, 24, 23, 71, 117, 104, 24, 8, 66, 0, 0, 

time step : 56, 9, 2, 0, 36, 44, 10, 70, 0, 96, 3, 48, 

time step : 2, 11, 25, 3, 50, 0, 142, 6, 2, 37, 0, 80, 
46800.0
time step : 78, 61, 74, 142, 85, 130, 236, 137, 79, 127, 112, 163, 

time step : 45, 48, 58, 0, 98, 118, 190, 233, 97, 145, 129, 161, 

time step : 54, 61, 0, 81, 105, 117, 199, 253, 86, 151, 135, 188, 

time step : 71, 50, 0, 194, 104, 160, 154, 257, 29, 51, 135, 184, 

time step : 128, 39, 19, 62, 135, 188, 188, 224, 107, 75, 59, 58, 

time step : 154, 36, 39, 36, 25, 165, 165, 294, 73, 126, 49, 208, 

time step : 48, 24, 44, 60, 84, 61, 27, 118, 71, 0, 102, 104, 

time step : 0, 62, 36, 33, 50, 124, 0, 212, 0, 4, 97, 122, 

time step : 26, 59, 80, 74, 114, 109, 198, 166, 57, 110, 91, 164, 

time step : 0, 7, 0, 34, 10, 105, 28, 50, 3, 66, 4, 0, 

time step : 59, 17, 0, 2, 4, 47, 19, 83, 0, 27, 5, 99, 

time step : 0, 10, 0, 0, 122, 0, 100, 0, 6, 92, 0, 107, 
50400.0
time step : 50, 51, 76, 92, 84, 106, 244, 131, 82, 139, 108, 169, 

time step : 55, 61, 93, 0, 128, 88, 200, 192, 95, 145, 138, 155, 

time step : 44, 61, 0, 159, 117, 157, 195, 298, 101, 152, 132, 158, 

time step : 9, 77, 0, 220, 114, 174, 188, 299, 18, 48, 131, 170, 

time step : 181, 35, 24, 53, 137, 157, 188, 220, 108, 105, 64, 30, 

time step : 110, 40, 67, 28, 19, 149, 195, 306, 81, 129, 80, 169, 

time step : 46, 24, 35, 55, 89, 50, 21, 149, 103, 0, 95, 86, 

time step : 0, 67, 29, 39, 65, 146, 0, 252, 0, 10, 80, 137, 

time step : 60, 28, 70, 50, 121, 103, 133, 165, 56, 83, 70, 132, 

time step : 0, 10, 1, 33, 90, 103, 53, 78, 0, 90, 0, 0, 

time step : 73, 8, 0, 1, 72, 34, 0, 93, 0, 70, 30, 127, 

time step : 21, 13, 0, 0, 117, 0, 102, 60, 15, 0, 0, 76, 
54000.0
time step : 41, 67, 68, 23, 79, 122, 255, 154, 63, 110, 136, 151, 

time step : 53, 57, 42, 0, 58, 112, 154, 156, 90, 129, 129, 174, 

time step : 61, 62, 0, 75, 91, 98, 202, 255, 86, 124, 138, 186, 

time step : 89, 35, 24, 39, 139, 181, 171, 177, 42, 41, 146, 122, 

time step : 25, 34, 10, 20, 115, 176, 148, 198, 104, 27, 44, 29, 

time step : 100, 47, 101, 19, 4, 20, 136, 147, 65, 52, 42, 161, 

time step : 59, 21, 50, 46, 86, 1, 0, 89, 77, 42, 98, 71, 

time step : 0, 68, 27, 0, 88, 0, 0, 167, 0, 1, 75, 162, 

time step : 1, 27, 0, 28, 43, 55, 140, 115, 18, 0, 37, 11, 

time step : 0, 8, 0, 8, 0, 69, 0, 40, 5, 0, 0, 2, 

time step : 26, 8, 0, 0, 0, 0, 0, 0, 0, 0, 6, 3, 

time step : 10, 2, 0, 15, 0, 0, 64, 24, 0, 0, 0, 43, 
57600.0
time step : 52, 63, 84, 0, 81, 87, 229, 277, 77, 123, 122, 184, 

time step : 67, 75, 68, 0, 82, 110, 179, 88, 69, 123, 132, 166, 

time step : 78, 56, 92, 49, 74, 133, 177, 227, 69, 113, 106, 171, 

time step : 48, 17, 19, 100, 42, 83, 91, 65, 24, 0, 122, 28, 

time step : 39, 16, 0, 10, 73, 73, 0, 0, 69, 4, 57, 0, 

time step : 52, 15, 172, 0, 0, 0, 15, 91, 8, 34, 5, 4, 

time step : 55, 22, 13, 43, 60, 0, 0, 75, 0, 7, 23, 8, 

time step : 0, 18, 15, 48, 34, 74, 0, 51, 50, 0, 6, 140, 

time step : 60, 17, 0, 38, 13, 29, 45, 0, 1, 4, 7, 5, 

time step : 0, 7, 0, 0, 0, 0, 0, 9, 0, 15, 36, 0, 

time step : 5, 0, 0, 0, 1, 32, 0, 40, 0, 32, 11, 15, 

time step : 1, 3, 0, 0, 0, 0, 83, 0, 0, 0, 5, 77, 
115200.0
time step : 41, 34, 23, 37, 40, 25, 110, 66, 27, 29, 95, 4, 

time step : 37, 25, 59, 8, 81, 49, 71, 22, 36, 34, 66, 29, 

time step : 2, 13, 34, 15, 48, 54, 75, 40, 38, 21, 26, 34, 

time step : 46, 53, 28, 30, 78, 109, 33, 85, 32, 32, 53, 72, 

time step : 63, 41, 10, 31, 60, 113, 125, 80, 61, 59, 94, 65, 

time step : 6, 26, 12, 35, 88, 76, 81, 34, 65, 35, 66, 135, 

time step : 42, 25, 14, 26, 42, 68, 48, 140, 33, 30, 51, 48, 

time step : 27, 23, 12, 38, 65, 61, 118, 86, 44, 18, 37, 68, 

time step : 21, 61, 33, 44, 81, 102, 56, 95, 45, 59, 26, 78, 

time step : 39, 49, 52, 78, 60, 104, 24, 85, 56, 10, 64, 48, 

time step : 53, 36, 24, 76, 87, 52, 76, 58, 52, 47, 37, 66, 

time step : 15, 43, 0, 4, 52, 82, 49, 54, 4, 78, 22, 61, 
118800.0
time step : 103, 10, 68, 39, 79, 59, 82, 119, 61, 108, 31, 36, 

time step : 133, 37, 26, 21, 109, 105, 174, 195, 57, 321, 131, 57, 

time step : 125, 70, 52, 37, 132, 110, 48, 231, 120, 106, 107, 144, 

time step : 65, 54, 0, 42, 98, 109, 189, 232, 79, 88, 99, 166, 

time step : 138, 41, 57, 25, 135, 128, 124, 236, 81, 90, 120, 113, 

time step : 49, 31, 59, 47, 120, 153, 205, 156, 76, 98, 4, 162, 

time step : 94, 38, 88, 65, 111, 35, 166, 211, 77, 96, 133, 140, 

time step : 69, 54, 57, 54, 112, 115, 156, 214, 68, 15, 83, 134, 

time step : 89, 46, 127, 31, 122, 32, 150, 233, 86, 120, 122, 238, 

time step : 60, 2, 91, 29, 159, 170, 66, 60, 78, 48, 144, 156, 

time step : 29, 35, 160, 145, 99, 43, 190, 260, 97, 46, 53, 184, 

time step : 17, 58, 7, 57, 98, 119, 101, 56, 25, 73, 0, 146, 
122400.0
time step : 79, 20, 79, 49, 144, 193, 232, 259, 97, 148, 122, 172, 

time step : 93, 16, 43, 34, 158, 136, 204, 266, 86, 146, 130, 153, 

time step : 75, 72, 81, 97, 129, 115, 194, 239, 135, 155, 103, 136, 

time step : 127, 55, 81, 118, 133, 140, 190, 303, 76, 127, 113, 235, 

time step : 125, 30, 71, 52, 133, 123, 199, 237, 97, 114, 144, 138, 

time step : 101, 54, 79, 69, 115, 167, 213, 256, 101, 152, 52, 180, 

time step : 40, 73, 46, 64, 100, 145, 237, 294, 62, 140, 140, 149, 

time step : 92, 44, 90, 226, 140, 148, 84, 181, 77, 0, 130, 170, 

time step : 104, 93, 139, 71, 169, 125, 230, 279, 80, 141, 91, 162, 

time step : 72, 19, 140, 80, 111, 167, 33, 64, 80, 51, 149, 190, 

time step : 26, 59, 75, 109, 78, 155, 229, 326, 86, 87, 29, 188, 

time step : 82, 3, 52, 36, 34, 56, 41, 48, 10, 98, 14, 179, 
126000.0
time step : 85, 45, 71, 107, 93, 137, 186, 242, 82, 130, 116, 148, 

time step : 48, 52, 64, 115, 151, 164, 246, 285, 98, 140, 128, 183, 

time step : 58, 60, 0, 182, 109, 159, 212, 271, 111, 153, 141, 166, 

time step : 74, 52, 0, 201, 154, 197, 161, 288, 83, 98, 128, 154, 

time step : 80, 62, 40, 53, 135, 128, 197, 250, 110, 137, 90, 169, 

time step : 72, 47, 56, 69, 121, 144, 212, 303, 94, 152, 86, 176, 

time step : 128, 53, 41, 59, 84, 103, 133, 274, 93, 138, 108, 136, 

time step : 66, 44, 54, 58, 121, 159, 182, 230, 59, 113, 77, 143, 

time step : 78, 38, 86, 67, 139, 134, 122, 204, 55, 179, 84, 181, 

time step : 0, 5, 40, 37, 105, 57, 99, 10, 10, 82, 0, 0, 

time step : 1, 12, 95, 0, 37, 44, 158, 33, 0, 112, 3, 36, 

time step : 43, 28, 27, 19, 0, 0, 137, 49, 12, 0, 0, 3, 
129600.0
time step : 67, 54, 80, 95, 118, 144, 183, 127, 85, 126, 112, 158, 

time step : 46, 51, 43, 0, 134, 153, 224, 67, 102, 143, 127, 170, 

time step : 53, 61, 0, 122, 116, 135, 185, 254, 101, 161, 138, 196, 

time step : 76, 55, 33, 126, 137, 179, 177, 277, 59, 86, 129, 179, 

time step : 58, 41, 46, 69, 132, 123, 178, 214, 111, 112, 63, 161, 

time step : 118, 40, 63, 55, 80, 139, 167, 312, 79, 122, 50, 183, 

time step : 52, 47, 54, 61, 97, 99, 77, 113, 78, 87, 107, 137, 

time step : 0, 63, 47, 29, 31, 139, 33, 258, 60, 38, 62, 131, 

time step : 29, 74, 41, 65, 130, 112, 211, 190, 55, 104, 91, 179, 

time step : 0, 9, 3, 27, 19, 123, 72, 31, 5, 57, 0, 0, 

time step : 56, 12, 0, 0, 11, 21, 10, 84, 0, 30, 0, 40, 

time step : 0, 0, 4, 0, 0, 0, 127, 0, 0, 58, 0, 74, 
133200.0
time step : 72, 64, 43, 135, 87, 134, 244, 152, 85, 117, 110, 167, 

time step : 44, 44, 56, 0, 93, 126, 169, 215, 92, 145, 126, 178, 

time step : 67, 61, 0, 104, 104, 117, 197, 257, 78, 150, 133, 186, 

time step : 84, 41, 34, 184, 111, 156, 198, 293, 34, 48, 139, 176, 

time step : 96, 38, 17, 88, 136, 199, 193, 206, 103, 77, 72, 42, 

time step : 144, 30, 46, 27, 19, 161, 156, 287, 69, 119, 63, 205, 

time step : 47, 34, 46, 60, 65, 97, 48, 123, 62, 0, 104, 108, 

time step : 0, 56, 37, 45, 82, 124, 0, 239, 6, 6, 115, 130, 

time step : 19, 56, 66, 73, 79, 106, 186, 174, 59, 47, 71, 150, 

time step : 0, 9, 0, 25, 10, 105, 38, 49, 4, 78, 15, 0, 

time step : 68, 27, 0, 6, 8, 66, 26, 147, 2, 71, 9, 96, 

time step : 6, 13, 0, 0, 137, 0, 106, 0, 7, 80, 0, 113, 
136800.0
time step : 56, 55, 69, 84, 88, 113, 240, 140, 75, 129, 108, 154, 

time step : 51, 38, 55, 0, 87, 90, 189, 139, 93, 145, 133, 164, 

time step : 50, 60, 0, 146, 115, 161, 178, 280, 100, 150, 133, 174, 

time step : 14, 61, 0, 209, 109, 164, 186, 267, 27, 39, 128, 172, 

time step : 130, 37, 21, 54, 136, 154, 183, 207, 104, 95, 47, 18, 

time step : 105, 38, 71, 32, 20, 143, 171, 287, 81, 109, 70, 164, 

time step : 45, 16, 41, 52, 82, 61, 28, 128, 100, 0, 93, 100, 

time step : 0, 57, 30, 34, 40, 136, 0, 246, 2, 14, 88, 140, 

time step : 36, 16, 58, 50, 108, 93, 129, 157, 55, 75, 87, 78, 

time step : 75, 10, 0, 25, 77, 100, 4, 73, 0, 76, 0, 2, 

time step : 68, 12, 0, 0, 42, 19, 0, 47, 0, 78, 16, 113, 

time step : 2, 18, 0, 0, 131, 0, 107, 57, 22, 15, 0, 63, 
140400.0
time step : 40, 65, 73, 17, 85, 128, 275, 172, 62, 120, 125, 167, 

time step : 53, 57, 53, 0, 64, 118, 158, 121, 91, 130, 127, 167, 

time step : 56, 65, 0, 74, 90, 99, 188, 245, 81, 123, 138, 189, 

time step : 118, 44, 16, 42, 121, 185, 208, 193, 43, 57, 137, 131, 

time step : 44, 32, 9, 33, 125, 188, 160, 172, 105, 60, 51, 20, 

time step : 119, 53, 84, 0, 0, 88, 136, 194, 81, 76, 40, 158, 

time step : 53, 17, 44, 47, 87, 26, 2, 100, 83, 17, 92, 76, 

time step : 0, 64, 38, 25, 80, 74, 0, 188, 0, 12, 84, 170, 

time step : 0, 32, 0, 40, 42, 59, 143, 117, 25, 0, 55, 8, 

time step : 0, 8, 0, 4, 0, 86, 0, 52, 5, 20, 0, 4, 

time step : 53, 8, 0, 0, 0, 0, 0, 70, 0, 7, 3, 12, 

time step : 11, 3, 0, 5, 0, 0, 94, 0, 2, 0, 0, 42, 
144000.0
time step : 44, 65, 91, 0, 88, 96, 220, 240, 79, 126, 117, 191, 

time step : 63, 63, 60, 0, 79, 114, 179, 153, 81, 130, 133, 177, 

time step : 69, 52, 94, 42, 85, 124, 128, 245, 74, 74, 114, 179, 

time step : 49, 29, 23, 79, 55, 85, 100, 71, 34, 0, 119, 70, 

time step : 24, 23, 0, 24, 89, 83, 58, 97, 74, 5, 75, 0, 

time step : 40, 21, 253, 0, 0, 0, 23, 101, 35, 70, 4, 10, 

time step : 48, 30, 24, 42, 91, 0, 0, 52, 36, 6, 83, 26, 

time step : 0, 28, 7, 41, 57, 68, 0, 21, 52, 0, 0, 176, 

time step : 42, 26, 0, 52, 11, 38, 91, 0, 1, 14, 1, 4, 

time step : 0, 4, 0, 0, 0, 0, 0, 6, 2, 15, 26, 0, 

time step : 7, 0, 0, 1, 14, 42, 0, 69, 0, 25, 10, 38, 

time step : 4, 2, 0, 0, 7, 0, 44, 0, 0, 0, 5, 39, 
201600.0
time step : 42, 36, 20, 37, 35, 22, 96, 57, 28, 29, 92, 0, 

time step : 46, 21, 53, 8, 96, 52, 67, 34, 37, 32, 56, 29, 

time step : 4, 11, 27, 12, 47, 48, 77, 34, 35, 22, 25, 29, 

time step : 40, 55, 21, 30, 70, 94, 11, 86, 32, 18, 50, 69, 

time step : 64, 44, 7, 21, 46, 106, 119, 73, 61, 63, 91, 60, 

time step : 3, 26, 10, 36, 87, 63, 82, 36, 61, 31, 66, 120, 

time step : 43, 24, 15, 26, 31, 67, 28, 125, 25, 27, 59, 49, 

time step : 11, 30, 10, 37, 49, 51, 111, 71, 36, 15, 24, 66, 

time step : 20, 59, 33, 48, 77, 101, 61, 77, 42, 61, 34, 78, 

time step : 39, 51, 50, 71, 49, 97, 0, 73, 46, 11, 59, 65, 

time step : 54, 28, 26, 90, 74, 53, 64, 31, 42, 43, 20, 70, 

time step : 7, 44, 0, 0, 54, 74, 34, 56, 7, 84, 7, 59, 
205200.0
time step : 92, 15, 51, 41, 80, 59, 73, 106, 54, 103, 37, 32, 

time step : 129, 38, 27, 18, 120, 105, 173, 140, 62, 313, 137, 61, 

time step : 122, 59, 46, 37, 129, 106, 50, 222, 118, 95, 109, 139, 

time step : 74, 54, 0, 38, 101, 99, 193, 240, 76, 94, 99, 164, 

time step : 141, 41, 61, 9, 133, 135, 119, 226, 82, 89, 123, 117, 

time step : 58, 28, 58, 44, 127, 153, 194, 174, 93, 103, 42, 160, 

time step : 81, 33, 97, 66, 112, 45, 161, 207, 64, 95, 133, 136, 

time step : 75, 51, 64, 50, 113, 111, 183, 207, 66, 26, 84, 136, 

time step : 83, 58, 127, 24, 125, 69, 145, 232, 88, 120, 116, 206, 

time step : 63, 0, 86, 27, 151, 160, 77, 72, 77, 55, 138, 148, 

time step : 28, 34, 146, 153, 102, 53, 190, 253, 100, 46, 51, 186, 

time step : 17, 49, 2, 73, 119, 121, 114, 70, 58, 65, 0, 150, 
208800.0
time step : 82, 27, 61, 49, 143, 195, 232, 265, 97, 136, 118, 164, 

time step : 63, 15, 48, 32, 178, 141, 174, 270, 71, 145, 125, 166, 

time step : 69, 69, 26, 96, 133, 118, 197, 227, 127, 158, 100, 131, 

time step : 139, 45, 78, 79, 124, 140, 192, 301, 70, 128, 117, 215, 

time step : 94, 35, 94, 36, 132, 125, 191, 244, 94, 113, 131, 137, 

time step : 86, 53, 87, 63, 109, 160, 217, 250, 104, 139, 20, 169, 

time step : 31, 59, 55, 58, 87, 144, 228, 285, 77, 126, 138, 147, 

time step : 97, 49, 90, 108, 142, 143, 66, 191, 81, 1, 129, 179, 

time step : 96, 80, 99, 59, 161, 120, 216, 282, 86, 153, 120, 186, 

time step : 103, 15, 93, 70, 112, 159, 25, 88, 86, 23, 140, 202, 

time step : 2, 55, 79, 118, 89, 125, 215, 315, 92, 108, 9, 188, 

time step : 54, 15, 59, 67, 25, 67, 26, 56, 29, 104, 51, 177, 
212400.0
time step : 98, 40, 88, 104, 101, 145, 162, 235, 81, 136, 116, 145, 

time step : 48, 54, 69, 115, 149, 157, 228, 285, 99, 137, 128, 190, 

time step : 46, 59, 0, 156, 118, 165, 181, 267, 113, 155, 135, 193, 

time step : 64, 54, 35, 210, 140, 180, 165, 283, 77, 103, 122, 144, 

time step : 109, 39, 43, 57, 134, 133, 189, 250, 108, 137, 76, 160, 

time step : 83, 60, 61, 74, 133, 154, 214, 305, 99, 156, 96, 165, 

time step : 134, 61, 41, 57, 84, 133, 158, 281, 99, 137, 109, 128, 

time step : 64, 33, 52, 59, 129, 136, 205, 205, 62, 115, 68, 147, 

time step : 93, 53, 86, 65, 150, 135, 113, 256, 55, 179, 84, 173, 

time step : 0, 1, 40, 52, 112, 84, 125, 16, 9, 56, 0, 4, 

time step : 0, 12, 92, 0, 35, 17, 173, 0, 0, 67, 6, 36, 

time step : 38, 31, 0, 15, 0, 0, 129, 57, 10, 28, 1, 9, 
216000.0
time step : 58, 51, 87, 135, 120, 138, 212, 134, 81, 131, 115, 154, 

time step : 42, 53, 43, 0, 132, 153, 220, 16, 97, 141, 130, 176, 

time step : 48, 60, 0, 133, 106, 126, 185, 260, 102, 152, 134, 184, 

time step : 66, 62, 15, 106, 136, 179, 149, 258, 57, 75, 127, 172, 

time step : 91, 41, 44, 54, 135, 111, 175, 219, 111, 120, 63, 183, 

time step : 117, 43, 82, 62, 86, 134, 189, 316, 85, 111, 46, 182, 

time step : 50, 27, 48, 60, 111, 89, 55, 117, 80, 51, 106, 111, 

time step : 0, 60, 43, 38, 3, 157, 113, 234, 31, 36, 56, 132, 

time step : 23, 62, 40, 63, 136, 104, 198, 160, 52, 83, 84, 164, 

time step : 0, 4, 8, 20, 16, 114, 80, 36, 7, 70, 0, 0, 

time step : 61, 12, 0, 0, 18, 41, 13, 70, 0, 89, 0, 62, 

time step : 0, 0, 1, 0, 0, 0, 130, 19, 4, 10, 0, 84, 
219600.0
time step : 70, 58, 62, 90, 82, 133, 248, 143, 82, 122, 117, 154, 

time step : 48, 47, 46, 0, 97, 122, 165, 268, 90, 144, 127, 172, 

time step : 55, 59, 0, 98, 97, 106, 191, 253, 80, 150, 121, 190, 

time step : 71, 45, 0, 170, 113, 156, 153, 288, 33, 45, 136, 171, 

time step : 118, 40, 17, 49, 134, 178, 190, 217, 105, 41, 67, 58, 

time step : 133, 33, 48, 39, 25, 160, 167, 287, 75, 121, 48, 201, 

time step : 49, 27, 39, 60, 96, 76, 30, 125, 74, 0, 105, 94, 

time step : 0, 61, 33, 37, 55, 123, 0, 190, 6, 3, 91, 124, 

time step : 28, 59, 88, 71, 111, 111, 186, 159, 59, 94, 85, 160, 

time step : 0, 8, 0, 30, 2, 104, 17, 55, 4, 67, 6, 0, 

time step : 59, 18, 0, 4, 6, 53, 17, 104, 0, 68, 7, 82, 

time step : 0, 6, 0, 0, 0, 0, 98, 0, 11, 40, 0, 130, 
223200.0
time step : 57, 48, 76, 101, 88, 104, 248, 157, 70, 134, 95, 172, 

time step : 57, 51, 84, 0, 102, 84, 201, 133, 88, 147, 132, 162, 

time step : 55, 61, 0, 109, 112, 167, 183, 283, 99, 159, 134, 169, 

time step : 15, 70, 0, 211, 98, 170, 202, 265, 8, 46, 123, 174, 

time step : 171, 34, 23, 53, 135, 129, 190, 218, 102, 100, 49, 91, 

time step : 100, 46, 68, 34, 26, 140, 191, 297, 76, 114, 75, 192, 

time step : 46, 29, 35, 55, 96, 70, 37, 162, 101, 19, 98, 100, 

time step : 0, 72, 27, 48, 92, 158, 0, 258, 0, 14, 89, 143, 

time step : 49, 22, 65, 50, 114, 97, 125, 153, 59, 93, 80, 115, 

time step : 0, 13, 0, 35, 107, 105, 61, 79, 0, 89, 0, 5, 

time step : 73, 9, 0, 8, 49, 35, 0, 82, 0, 85, 27, 131, 

time step : 19, 21, 0, 0, 122, 0, 105, 60, 15, 12, 0, 85, 
226800.0
time step : 34, 65, 80, 18, 83, 123, 246, 177, 59, 123, 128, 177, 

time step : 45, 64, 51, 0, 65, 110, 155, 133, 82, 133, 133, 161, 

time step : 71, 63, 0, 63, 82, 118, 196, 260, 86, 116, 138, 176, 

time step : 100, 37, 14, 42, 129, 196, 197, 187, 46, 50, 148, 145, 

time step : 51, 33, 5, 21, 111, 176, 157, 228, 100, 45, 39, 0, 

time step : 123, 47, 122, 12, 0, 43, 151, 173, 80, 71, 45, 146, 

time step : 59, 19, 44, 43, 86, 16, 0, 93, 80, 18, 96, 82, 

time step : 0, 71, 38, 12, 103, 42, 0, 200, 0, 7, 77, 163, 

time step : 0, 9, 0, 25, 49, 49, 131, 110, 19, 0, 65, 8, 

time step : 0, 5, 0, 6, 0, 84, 0, 45, 6, 0, 2, 2, 

time step : 42, 3, 0, 0, 0, 0, 0, 0, 0, 28, 4, 17, 

time step : 6, 6, 0, 10, 0, 0, 76, 56, 1, 0, 0, 35, 
230400.0
time step : 57, 68, 81, 0, 74, 84, 229, 276, 81, 123, 123, 197, 

time step : 67, 67, 62, 0, 79, 118, 193, 143, 74, 124, 132, 177, 

time step : 88, 64, 94, 36, 93, 121, 150, 245, 81, 89, 115, 152, 

time step : 64, 29, 34, 102, 20, 80, 115, 99, 22, 0, 123, 38, 

time step : 21, 18, 0, 16, 79, 76, 0, 89, 76, 4, 88, 0, 

time step : 26, 25, 205, 0, 0, 0, 25, 45, 18, 54, 4, 3, 

time step : 44, 36, 15, 47, 41, 0, 0, 80, 5, 25, 57, 22, 

time step : 0, 46, 14, 56, 67, 69, 0, 16, 49, 0, 2, 160, 

time step : 35, 32, 2, 57, 11, 51, 84, 0, 0, 10, 4, 12, 

time step : 0, 8, 0, 0, 0, 0, 0, 8, 3, 9, 29, 0, 

time step : 0, 0, 0, 3, 80, 40, 0, 33, 0, 42, 10, 28, 

time step : 12, 2, 0, 0, 0, 0, 66, 66, 0, 0, 7, 38, 
288000.0
time step : 35, 33, 20, 28, 35, 35, 116, 57, 31, 13, 56, 34, 

time step : 60, 43, 63, 17, 48, 39, 131, 70, 47, 34, 73, 49, 

time step : 30, 14, 22, 14, 50, 45, 57, 81, 29, 21, 42, 29, 

time step : 51, 38, 37, 35, 102, 102, 101, 127, 50, 74, 100, 100, 

time step : 34, 27, 21, 23, 63, 65, 78, 99, 46, 36, 52, 71, 

time step : 37, 29, 29, 33, 78, 64, 79, 88, 51, 40, 54, 66, 

time step : 49, 33, 32, 31, 87, 80, 75, 101, 67, 58, 66, 81, 

time step : 52, 38, 39, 38, 100, 102, 127, 196, 69, 95, 114, 124, 

time step : 56, 28, 37, 33, 125, 104, 113, 154, 70, 78, 86, 114, 

time step : 48, 24, 42, 47, 115, 112, 135, 173, 70, 78, 91, 109, 

time step : 50, 27, 58, 57, 115, 108, 132, 179, 79, 94, 102, 105, 

time step : 51, 27, 35, 35, 104, 92, 138, 160, 64, 103, 89, 119, 
291600.0
time step : 39, 24, 23, 22, 68, 63, 77, 104, 54, 56, 62, 67, 

time step : 46, 31, 30, 29, 91, 76, 90, 98, 61, 50, 71, 63, 

time step : 52, 33, 35, 44, 104, 93, 87, 113, 77, 62, 69, 86, 

time step : 55, 38, 35, 31, 115, 103, 142, 203, 82, 88, 120, 129, 

time step : 60, 41, 45, 27, 129, 123, 126, 164, 73, 79, 106, 112, 

time step : 48, 34, 53, 55, 134, 124, 144, 202, 82, 84, 97, 116, 

time step : 50, 28, 48, 41, 127, 112, 140, 190, 93, 108, 116, 115, 

time step : 59, 31, 36, 43, 106, 120, 148, 160, 82, 85, 91, 122, 

time step : 56, 22, 39, 37, 102, 112, 144, 202, 80, 95, 122, 156, 

time step : 35, 27, 57, 40, 120, 104, 145, 187, 85, 104, 111, 124, 

time step : 55, 29, 39, 34, 98, 104, 158, 174, 80, 79, 105, 146, 

time step : 38, 35, 39, 49, 118, 104, 153, 189, 75, 90, 94, 128, 
295200.0
time step : 49, 41, 37, 39, 127, 106, 118, 157, 72, 80, 98, 105, 

time step : 46, 33, 47, 56, 131, 125, 136, 173, 67, 69, 106, 103, 

time step : 51, 30, 50, 39, 129, 109, 146, 186, 93, 100, 116, 96, 

time step : 56, 32, 32, 29, 106, 105, 147, 170, 76, 97, 94, 116, 

time step : 58, 25, 39, 39, 105, 110, 137, 202, 77, 101, 124, 141, 

time step : 35, 31, 46, 39, 112, 113, 134, 184, 90, 99, 110, 127, 

time step : 49, 24, 24, 47, 99, 103, 154, 174, 76, 69, 106, 135, 

time step : 46, 38, 38, 38, 94, 106, 151, 174, 84, 82, 89, 125, 

time step : 48, 34, 45, 33, 110, 105, 145, 147, 76, 86, 97, 118, 

time step : 43, 38, 40, 32, 109, 96, 116, 164, 74, 92, 104, 108, 

time step : 41, 34, 45, 45, 98, 90, 135, 178, 84, 91, 98, 133, 

time step : 66, 34, 79, 51, 104, 83, 109, 193, 62, 111, 108, 126, 
298800.0
time step : 59, 25, 31, 34, 102, 107, 131, 197, 75, 97, 119, 135, 

time step : 43, 29, 45, 36, 112, 102, 133, 190, 84, 94, 107, 128, 

time step : 44, 38, 34, 38, 99, 98, 149, 172, 79, 79, 104, 135, 

time step : 47, 36, 39, 44, 103, 106, 150, 180, 81, 81, 89, 126, 

time step : 55, 36, 41, 36, 115, 101, 134, 156, 70, 89, 100, 111, 

time step : 43, 43, 43, 41, 110, 106, 137, 147, 79, 91, 94, 116, 

time step : 46, 36, 40, 37, 96, 95, 140, 179, 77, 92, 97, 130, 

time step : 61, 34, 83, 28, 84, 91, 107, 175, 69, 82, 101, 122, 

time step : 60, 31, 42, 32, 101, 94, 134, 187, 78, 78, 92, 143, 

time step : 54, 44, 47, 33, 100, 97, 138, 177, 76, 74, 92, 134, 

time step : 51, 40, 137, 78, 97, 107, 128, 166, 66, 89, 112, 149, 

time step : 42, 27, 33, 30, 120, 128, 127, 142, 73, 70, 99, 114, 
302400.0
time step : 47, 34, 39, 39, 107, 92, 144, 146, 76, 84, 93, 102, 

time step : 42, 41, 43, 40, 104, 97, 124, 159, 76, 95, 102, 119, 

time step : 41, 37, 33, 37, 92, 84, 136, 166, 68, 90, 99, 113, 

time step : 63, 33, 83, 47, 85, 78, 117, 176, 70, 90, 106, 119, 

time step : 62, 32, 49, 34, 99, 103, 124, 180, 74, 82, 94, 138, 

time step : 53, 28, 46, 31, 106, 111, 133, 170, 70, 76, 98, 132, 

time step : 59, 31, 152, 31, 140, 109, 129, 164, 60, 80, 101, 134, 

time step : 56, 21, 32, 20, 122, 104, 119, 131, 65, 85, 94, 119, 

time step : 66, 21, 32, 26, 93, 87, 104, 160, 71, 72, 83, 94, 

time step : 48, 27, 33, 22, 94, 82, 110, 153, 75, 71, 78, 102, 

time step : 42, 24, 30, 26, 91, 74, 131, 150, 78, 74, 88, 112, 

time step : 22, 20, 26, 19, 77, 73, 106, 115, 60, 68, 75, 92, 
306000.0
time step : 69, 33, 52, 39, 91, 96, 143, 176, 70, 85, 103, 133, 

time step : 55, 40, 56, 32, 98, 112, 134, 163, 73, 85, 95, 135, 

time step : 51, 29, 148, 30, 175, 123, 140, 162, 70, 78, 103, 132, 

time step : 54, 20, 28, 33, 127, 129, 131, 172, 76, 87, 96, 126, 

time step : 65, 24, 32, 38, 102, 79, 94, 185, 75, 82, 93, 121, 

time step : 41, 26, 32, 30, 108, 104, 121, 150, 76, 88, 88, 122, 

time step : 49, 26, 31, 38, 93, 76, 121, 159, 77, 75, 95, 115, 

time step : 37, 23, 28, 35, 79, 84, 113, 123, 60, 64, 84, 97, 

time step : 34, 32, 35, 36, 100, 95, 120, 160, 67, 70, 93, 128, 

time step : 33, 32, 23, 30, 90, 80, 98, 159, 67, 74, 77, 90, 

time step : 31, 22, 21, 22, 66, 61, 96, 145, 62, 70, 63, 88, 

time step : 126, 18, 28, 22, 84, 60, 93, 132, 49, 40, 68, 100, 
309600.0
time step : 69, 22, 39, 31, 98, 94, 115, 180, 77, 93, 91, 109, 

time step : 61, 29, 38, 33, 103, 80, 123, 170, 69, 82, 98, 121, 

time step : 50, 30, 23, 47, 89, 81, 129, 155, 75, 87, 94, 112, 

time step : 24, 17, 19, 14, 78, 62, 102, 124, 62, 71, 78, 85, 

time step : 37, 41, 29, 36, 106, 101, 116, 142, 71, 64, 84, 112, 

time step : 33, 31, 29, 27, 82, 104, 118, 140, 64, 80, 75, 99, 

time step : 32, 27, 18, 31, 69, 69, 103, 140, 61, 77, 62, 98, 

time step : 127, 12, 22, 46, 86, 73, 107, 115, 48, 48, 68, 66, 

time step : 17, 30, 23, 17, 65, 59, 93, 121, 70, 52, 74, 79, 

time step : 24, 42, 24, 22, 59, 53, 94, 100, 54, 46, 57, 77, 

time step : 45, 15, 22, 14, 89, 52, 88, 101, 38, 59, 72, 64, 

time step : 27, 7, 14, 15, 33, 27, 31, 22, 5, 25, 10, 37, 
313200.0
time step : 26, 35, 27, 24, 90, 94, 110, 132, 68, 42, 85, 98, 

time step : 26, 31, 28, 20, 73, 64, 105, 136, 58, 64, 63, 80, 

time step : 25, 28, 11, 15, 73, 68, 102, 142, 54, 78, 61, 86, 

time step : 128, 11, 15, 4, 63, 55, 76, 110, 34, 43, 55, 48, 

time step : 14, 37, 21, 15, 51, 52, 67, 103, 62, 57, 70, 82, 

time step : 26, 42, 22, 11, 68, 49, 73, 82, 55, 36, 42, 55, 

time step : 40, 17, 17, 23, 59, 40, 75, 86, 41, 41, 71, 63, 

time step : 27, 6, 9, 8, 6, 30, 25, 0, 0, 0, 10, 2, 

time step : 0, 0, 0, 0, 3, 0, 0, 0, 0, 0, 0, 0, 

time step : 0, 0, 0, 0, 3, 1, 0, 0, 0, 0, 0, 0, 

time step : 0, 0, 0, 0, 0, 0, 0, 0, 0, 0, 0, 0, 

time step : 0, 0, 0, 0, 16, 0, 50, 6, 0, 12, 0, 0, 
316800.0
time step : 23, 35, 25, 14, 64, 56, 85, 109, 61, 59, 71, 76, 

time step : 34, 41, 21, 18, 68, 55, 87, 107, 56, 49, 55, 77, 

time step : 45, 21, 27, 5, 65, 48, 73, 87, 47, 46, 71, 58, 

time step : 29, 6, 5, 11, 26, 36, 5, 1, 7, 4, 17, 5, 

time step : 0, 0, 4, 0, 0, 10, 0, 0, 4, 5, 0, 0, 

time step : 3, 1, 2, 0, 3, 9, 0, 9, 2, 11, 0, 5, 

time step : 0, 0, 0, 28, 4, 0, 0, 4, 0, 0, 0, 0, 

time step : 3, 0, 3, 13, 15, 0, 9, 23, 21, 0, 0, 7, 

time step : 0, 13, 0, 7, 6, 0, 0, 19, 1, 6, 0, 3, 

time step : 10, 0, 0, 6, 2, 5, 0, 24, 0, 8, 40, 22, 

time step : 0, 6, 0, 0, 95, 9, 31, 13, 0, 0, 14, 9, 

time step : 7, 21, 0, 0, 49, 0, 59, 11, 0, 22, 0, 16, 
374400.0
time step : 39, 38, 23, 32, 44, 40, 123, 57, 35, 13, 72, 39, 

time step : 65, 51, 74, 18, 57, 59, 138, 72, 49, 34, 82, 54, 

time step : 25, 12, 26, 13, 51, 32, 40, 78, 29, 16, 39, 21, 

time step : 46, 46, 44, 35, 118, 99, 124, 141, 55, 74, 104, 99, 

time step : 34, 21, 23, 22, 67, 71, 85, 105, 50, 33, 70, 74, 

time step : 43, 28, 28, 33, 85, 68, 90, 91, 59, 42, 58, 65, 

time step : 50, 28, 34, 31, 96, 88, 88, 107, 72, 60, 66, 81, 

time step : 61, 36, 36, 37, 107, 102, 141, 189, 68, 89, 122, 127, 

time step : 56, 41, 39, 35, 125, 110, 136, 151, 68, 73, 100, 112, 

time step : 54, 27, 43, 53, 120, 118, 146, 187, 77, 76, 98, 103, 

time step : 51, 29, 45, 44, 121, 108, 142, 188, 85, 107, 111, 104, 

time step : 54, 30, 35, 35, 104, 102, 143, 166, 64, 100, 98, 126, 
378000.0
time step : 35, 23, 18, 21, 69, 62, 76, 102, 50, 52, 58, 72, 

time step : 41, 29, 26, 30, 91, 72, 88, 104, 59, 50, 63, 63, 

time step : 47, 30, 37, 44, 104, 97, 90, 110, 75, 61, 68, 84, 

time step : 52, 38, 35, 33, 115, 112, 149, 221, 81, 94, 121, 128, 

time step : 59, 37, 46, 29, 130, 123, 135, 168, 77, 78, 105, 114, 

time step : 46, 31, 49, 50, 129, 127, 148, 204, 82, 80, 100, 116, 

time step : 52, 26, 49, 42, 123, 112, 134, 189, 94, 111, 119, 113, 

time step : 60, 30, 36, 43, 103, 117, 151, 162, 86, 83, 93, 125, 

time step : 60, 23, 36, 35, 104, 112, 137, 197, 77, 93, 130, 146, 

time step : 36, 33, 47, 35, 118, 103, 147, 186, 81, 103, 112, 128, 

time step : 58, 28, 41, 33, 99, 100, 154, 171, 78, 80, 114, 144, 

time step : 38, 37, 40, 44, 116, 110, 155, 207, 80, 95, 94, 129, 
381600.0
time step : 56, 41, 42, 40, 126, 111, 133, 163, 68, 84, 105, 110, 

time step : 47, 35, 45, 62, 129, 120, 143, 187, 84, 79, 101, 104, 

time step : 42, 34, 46, 38, 131, 118, 141, 196, 97, 106, 112, 105, 

time step : 57, 28, 35, 32, 108, 103, 153, 176, 75, 97, 96, 116, 

time step : 58, 25, 37, 38, 105, 112, 132, 204, 75, 106, 125, 141, 

time step : 35, 31, 47, 38, 119, 106, 141, 183, 86, 99, 107, 126, 

time step : 57, 26, 34, 45, 95, 101, 148, 164, 84, 91, 103, 140, 

time step : 32, 38, 41, 38, 101, 112, 146, 183, 87, 84, 91, 126, 

time step : 52, 32, 50, 38, 115, 105, 147, 155, 78, 96, 103, 116, 

time step : 47, 42, 46, 39, 111, 99, 132, 177, 76, 94, 102, 113, 

time step : 54, 36, 44, 47, 99, 113, 148, 192, 75, 97, 100, 139, 

time step : 67, 39, 85, 51, 101, 86, 105, 197, 68, 111, 110, 136, 
385200.0
time step : 61, 25, 39, 31, 103, 108, 134, 185, 77, 94, 124, 139, 

time step : 23, 27, 40, 33, 100, 99, 129, 169, 83, 85, 110, 115, 

time step : 42, 37, 28, 37, 103, 98, 148, 164, 74, 81, 102, 136, 

time step : 41, 34, 41, 33, 95, 103, 140, 179, 75, 75, 87, 117, 

time step : 45, 31, 39, 27, 102, 100, 127, 145, 74, 97, 104, 114, 

time step : 49, 35, 43, 44, 108, 102, 129, 147, 76, 90, 94, 113, 

time step : 40, 37, 37, 37, 108, 91, 148, 185, 82, 91, 91, 127, 

time step : 58, 35, 83, 27, 97, 96, 109, 162, 66, 80, 101, 125, 

time step : 53, 31, 48, 31, 96, 105, 136, 179, 69, 81, 85, 145, 

time step : 53, 32, 47, 29, 99, 98, 136, 159, 76, 77, 105, 134, 

time step : 56, 34, 136, 67, 107, 111, 137, 176, 64, 75, 109, 148, 

time step : 36, 19, 20, 31, 109, 105, 123, 157, 72, 66, 91, 116, 
388800.0
time step : 49, 34, 49, 42, 110, 107, 141, 158, 77, 97, 101, 108, 

time step : 46, 36, 43, 41, 107, 103, 143, 178, 77, 99, 112, 120, 

time step : 44, 39, 40, 47, 110, 95, 151, 184, 70, 91, 96, 132, 

time step : 58, 35, 75, 46, 110, 84, 124, 185, 65, 91, 111, 127, 

time step : 57, 29, 48, 40, 105, 109, 138, 186, 76, 85, 99, 148, 

time step : 55, 27, 52, 31, 112, 122, 137, 185, 78, 90, 102, 147, 

time step : 54, 30, 124, 38, 142, 116, 139, 180, 62, 82, 118, 133, 

time step : 48, 26, 39, 21, 126, 108, 131, 141, 69, 92, 97, 113, 

time step : 67, 30, 40, 33, 108, 97, 115, 176, 73, 85, 96, 123, 

time step : 55, 30, 35, 30, 106, 90, 124, 181, 76, 88, 90, 127, 

time step : 49, 23, 35, 28, 100, 93, 122, 143, 76, 84, 95, 119, 

time step : 28, 16, 28, 21, 89, 64, 113, 145, 58, 77, 86, 96, 
392400.0
time step : 60, 26, 32, 33, 85, 99, 142, 181, 76, 74, 91, 135, 

time step : 55, 36, 43, 29, 121, 106, 133, 165, 73, 83, 105, 134, 

time step : 58, 30, 140, 36, 198, 113, 133, 169, 62, 80, 108, 143, 

time step : 49, 24, 26, 27, 97, 123, 125, 157, 81, 82, 102, 112, 

time step : 71, 28, 32, 23, 102, 76, 102, 182, 75, 88, 104, 120, 

time step : 48, 31, 35, 27, 114, 95, 121, 153, 69, 82, 83, 112, 

time step : 48, 27, 28, 37, 105, 73, 121, 154, 80, 79, 89, 115, 

time step : 41, 26, 26, 26, 83, 82, 109, 127, 41, 72, 80, 97, 

time step : 43, 27, 29, 26, 96, 88, 112, 143, 64, 70, 91, 110, 

time step : 27, 28, 24, 24, 74, 58, 88, 150, 69, 70, 84, 97, 

time step : 23, 25, 18, 23, 68, 58, 93, 139, 58, 69, 63, 86, 

time step : 133, 13, 22, 19, 77, 59, 89, 102, 48, 42, 70, 95, 
396000.0
time step : 69, 22, 33, 31, 103, 92, 117, 173, 70, 91, 91, 118, 

time step : 47, 37, 38, 34, 103, 92, 127, 170, 69, 92, 91, 115, 

time step : 53, 31, 33, 45, 89, 85, 127, 142, 82, 85, 97, 117, 

time step : 33, 23, 23, 19, 79, 79, 104, 149, 66, 74, 83, 105, 

time step : 33, 38, 32, 24, 86, 87, 102, 146, 71, 73, 88, 99, 

time step : 22, 29, 30, 26, 82, 66, 115, 136, 66, 73, 76, 97, 

time step : 35, 21, 22, 33, 70, 62, 103, 138, 66, 66, 70, 92, 

time step : 108, 17, 23, 37, 75, 75, 81, 102, 44, 51, 70, 69, 

time step : 19, 41, 25, 19, 67, 61, 91, 116, 65, 55, 69, 78, 

time step : 28, 38, 26, 19, 81, 56, 104, 126, 59, 49, 51, 78, 

time step : 37, 22, 20, 12, 92, 45, 68, 88, 46, 51, 67, 60, 

time step : 23, 8, 10, 19, 10, 29, 31, 38, 11, 22, 20, 11, 
399600.0
time step : 30, 37, 27, 27, 88, 89, 108, 130, 72, 48, 91, 103, 

time step : 25, 35, 26, 24, 77, 64, 104, 149, 65, 71, 68, 81, 

time step : 30, 22, 17, 20, 72, 68, 98, 154, 51, 73, 65, 80, 

time step : 111, 17, 21, 16, 66, 59, 87, 124, 51, 51, 63, 69, 

time step : 19, 32, 24, 20, 67, 56, 68, 104, 64, 49, 66, 72, 

time step : 33, 34, 26, 12, 55, 56, 88, 101, 53, 42, 61, 63, 

time step : 51, 14, 20, 25, 64, 51, 81, 93, 50, 50, 65, 64, 

time step : 33, 8, 9, 8, 4, 38, 30, 0, 0, 2, 16, 8, 

time step : 0, 0, 0, 0, 2, 6, 14, 14, 0, 0, 11, 0, 

time step : 5, 0, 0, 0, 0, 0, 0, 0, 0, 0, 0, 0, 

time step : 0, 1, 6, 0, 0, 2, 18, 10, 1, 0, 3, 0, 

time step : 0, 0, 0, 6, 21, 0, 41, 0, 0, 40, 0, 3, 
403200.0
time step : 20, 37, 27, 12, 64, 54, 88, 119, 68, 59, 70, 77, 

time step : 27, 47, 26, 19, 72, 53, 93, 107, 57, 50, 64, 89, 

time step : 52, 19, 21, 7, 66, 50, 88, 98, 52, 46, 80, 67, 

time step : 17, 5, 7, 13, 6, 42, 19, 3, 12, 7, 12, 9, 

time step : 0, 1, 4, 0, 1, 10, 0, 0, 2, 0, 0, 2, 

time step : 0, 0, 1, 4, 0, 0, 0, 3, 0, 15, 0, 5, 

time step : 1, 4, 0, 27, 0, 0, 0, 1, 1, 4, 1, 14, 

time step : 0, 0, 7, 14, 18, 0, 16, 8, 19, 7, 0, 8, 

time step : 0, 10, 0, 6, 7, 1, 0, 18, 6, 0, 0, 14, 

time step : 15, 6, 0, 8, 0, 8, 0, 31, 0, 8, 40, 23, 

time step : 1, 11, 0, 0, 79, 30, 27, 28, 0, 0, 64, 5, 

time step : 2, 5, 0, 0, 27, 0, 72, 0, 0, 26, 0, 22, 
460800.0
time step : 41, 40, 22, 33, 42, 42, 127, 62, 35, 11, 74, 36, 

time step : 64, 49, 76, 18, 59, 46, 140, 82, 52, 35, 83, 47, 

time step : 34, 14, 27, 13, 58, 47, 65, 85, 35, 22, 51, 24, 

time step : 47, 44, 42, 34, 114, 97, 120, 134, 59, 71, 111, 101, 

time step : 36, 20, 22, 23, 66, 70, 84, 100, 51, 33, 65, 73, 

time step : 40, 29, 28, 32, 89, 69, 89, 91, 60, 41, 57, 62, 

time step : 53, 31, 35, 31, 96, 89, 88, 103, 73, 58, 68, 81, 

time step : 58, 39, 39, 37, 112, 104, 144, 202, 71, 96, 121, 125, 

time step : 52, 38, 40, 35, 125, 106, 129, 162, 74, 73, 108, 115, 

time step : 46, 27, 45, 50, 123, 121, 141, 181, 75, 76, 101, 108, 

time step : 47, 30, 45, 45, 127, 115, 142, 190, 91, 102, 114, 107, 

time step : 52, 28, 36, 35, 107, 97, 150, 169, 74, 102, 99, 125, 
